1493740438571 00:15:e9:66:31:7c -3.750508656307346 1.0874665157571943 -36
1493740438571 c4:b3:01:de:10:c4 -3.750508656307346 1.0874665157571943 -73
1493740438571 c4:b3:01:de:10:c5 -3.750508656307346 1.0874665157571943 -77
1493740438571 58:6d:8f:1f:fa:64 -3.750508656307346 1.0874665157571943 -80
1493740438571 b0:aa:77:45:28:5e -3.750508656307346 1.0874665157571943 -79
1493740438571 b0:aa:77:45:28:5f -3.750508656307346 1.0874665157571943 -78
1493740438571 84:b8:02:c9:67:0e -3.750508656307346 1.0874665157571943 -77
1493740438571 84:b8:02:c9:67:0f -3.750508656307346 1.0874665157571943 -76
1493740438571 b0:aa:77:45:4a:de -3.750508656307346 1.0874665157571943 -68
1493740438571 b0:aa:77:45:4a:df -3.750508656307346 1.0874665157571943 -66
1493740438571 b0:aa:77:62:49:7f -3.750508656307346 1.0874665157571943 -79
1493740438571 b0:aa:77:62:49:7e -3.750508656307346 1.0874665157571943 -80
1493740438571 b0:aa:77:45:28:5d -3.750508656307346 1.0874665157571943 -78
1493740438571 b0:aa:77:45:4a:d2 -3.750508656307346 1.0874665157571943 -47
1493740438571 84:b8:02:c9:67:02 -3.750508656307346 1.0874665157571943 -63
1493740438571 84:b8:02:c9:67:0d -3.750508656307346 1.0874665157571943 -77
1493740438571 b0:aa:77:45:4a:dd -3.750508656307346 1.0874665157571943 -68
1493740438571 b0:aa:77:62:49:7d -3.750508656307346 1.0874665157571943 -79
1493740438571 b0:aa:77:45:4a:d0 -3.750508656307346 1.0874665157571943 -38
1493740438571 b0:aa:77:62:49:72 -3.750508656307346 1.0874665157571943 -66
1493740438571 b0:aa:77:45:4a:d1 -3.750508656307346 1.0874665157571943 -48
1493740438571 84:b8:02:c9:67:00 -3.750508656307346 1.0874665157571943 -63
1493740438571 b0:aa:77:45:28:52 -3.750508656307346 1.0874665157571943 -60
1493740438571 b0:aa:77:45:28:51 -3.750508656307346 1.0874665157571943 -57
1493740438571 1c:e6:c7:4b:c5:80 -3.750508656307346 1.0874665157571943 -73
1493740438571 b0:aa:77:62:49:70 -3.750508656307346 1.0874665157571943 -69
1493740438571 84:b8:02:9e:73:c0 -3.750508656307346 1.0874665157571943 -78
1493740438571 84:b8:02:9e:73:c1 -3.750508656307346 1.0874665157571943 -78
1493740438571 1c:e6:c7:4b:c5:8f -3.750508656307346 1.0874665157571943 -83
1493740438571 20:bb:c0:1d:18:6f -3.750508656307346 1.0874665157571943 -85
1493740438571 84:b8:02:9e:73:c2 -3.750508656307346 1.0874665157571943 -77
1493740438571 b0:aa:77:45:28:50 -3.750508656307346 1.0874665157571943 -64
1493740438571 84:b8:02:9e:79:f0 -3.750508656307346 1.0874665157571943 -77
1493740453196 00:15:e9:66:31:7c -3.750508656307346 1.0874665157571943 -44
1493740453196 c4:b3:01:de:10:c4 -3.750508656307346 1.0874665157571943 -70
1493740453196 c4:b3:01:de:10:c5 -3.750508656307346 1.0874665157571943 -77
1493740453196 58:6d:8f:1f:fa:64 -3.750508656307346 1.0874665157571943 -88
1493740453196 b0:aa:77:45:28:5e -3.750508656307346 1.0874665157571943 -79
1493740453196 b0:aa:77:45:28:5f -3.750508656307346 1.0874665157571943 -79
1493740453196 84:b8:02:c9:67:0e -3.750508656307346 1.0874665157571943 -80
1493740453196 84:b8:02:c9:67:0f -3.750508656307346 1.0874665157571943 -79
1493740453196 b0:aa:77:45:4a:de -3.750508656307346 1.0874665157571943 -71
1493740453196 b0:aa:77:45:4a:df -3.750508656307346 1.0874665157571943 -69
1493740453196 b0:aa:77:62:49:7f -3.750508656307346 1.0874665157571943 -83
1493740453196 b0:aa:77:62:49:7e -3.750508656307346 1.0874665157571943 -83
1493740453196 b0:aa:77:45:28:5d -3.750508656307346 1.0874665157571943 -78
1493740453196 b0:aa:77:45:4a:d2 -3.750508656307346 1.0874665157571943 -51
1493740453196 84:b8:02:c9:67:02 -3.750508656307346 1.0874665157571943 -69
1493740453196 84:b8:02:c9:67:0d -3.750508656307346 1.0874665157571943 -79
1493740453196 b0:aa:77:45:4a:dd -3.750508656307346 1.0874665157571943 -71
1493740453196 b0:aa:77:62:49:7d -3.750508656307346 1.0874665157571943 -82
1493740453196 b0:aa:77:45:4a:d0 -3.750508656307346 1.0874665157571943 -42
1493740453196 b0:aa:77:62:49:72 -3.750508656307346 1.0874665157571943 -69
1493740453196 b0:aa:77:45:4a:d1 -3.750508656307346 1.0874665157571943 -52
1493740453196 84:b8:02:c9:67:00 -3.750508656307346 1.0874665157571943 -70
1493740453196 b0:aa:77:45:28:52 -3.750508656307346 1.0874665157571943 -60
1493740453196 b0:aa:77:62:49:70 -3.750508656307346 1.0874665157571943 -69
1493740453196 b0:aa:77:45:28:50 -3.750508656307346 1.0874665157571943 -64
1493740453196 84:b8:02:9e:79:f0 -3.750508656307346 1.0874665157571943 -81
1493740465210 00:15:e9:66:31:7c -3.750508656307346 1.0874665157571943 -40
1493740465210 c4:b3:01:de:10:c4 -3.750508656307346 1.0874665157571943 -66
1493740465210 c4:b3:01:de:10:c5 -3.750508656307346 1.0874665157571943 -80
1493740465210 58:6d:8f:1f:fa:64 -3.750508656307346 1.0874665157571943 -89
1493740465210 b0:aa:77:45:28:5e -3.750508656307346 1.0874665157571943 -79
1493740465210 b0:aa:77:45:28:5f -3.750508656307346 1.0874665157571943 -79
1493740465210 84:b8:02:c9:67:0e -3.750508656307346 1.0874665157571943 -80
1493740465210 84:b8:02:c9:67:0f -3.750508656307346 1.0874665157571943 -79
1493740465210 b0:aa:77:45:4a:de -3.750508656307346 1.0874665157571943 -82
1493740465210 b0:aa:77:45:4a:df -3.750508656307346 1.0874665157571943 -81
1493740465210 b0:aa:77:62:49:7f -3.750508656307346 1.0874665157571943 -84
1493740465210 b0:aa:77:62:49:7e -3.750508656307346 1.0874665157571943 -83
1493740465210 b0:aa:77:45:28:5d -3.750508656307346 1.0874665157571943 -81
1493740465210 b0:aa:77:45:4a:d2 -3.750508656307346 1.0874665157571943 -58
1493740465210 84:b8:02:c9:67:02 -3.750508656307346 1.0874665157571943 -69
1493740465210 84:b8:02:c9:67:0d -3.750508656307346 1.0874665157571943 -79
1493740465210 b0:aa:77:45:4a:dd -3.750508656307346 1.0874665157571943 -80
1493740465210 b0:aa:77:62:49:7d -3.750508656307346 1.0874665157571943 -82
1493740465210 b0:aa:77:45:4a:d0 -3.750508656307346 1.0874665157571943 -62
1493740465210 b0:aa:77:62:49:72 -3.750508656307346 1.0874665157571943 -69
1493740465210 b0:aa:77:45:4a:d1 -3.750508656307346 1.0874665157571943 -58
1493740465210 84:b8:02:c9:67:00 -3.750508656307346 1.0874665157571943 -70
1493740465210 b0:aa:77:45:28:52 -3.750508656307346 1.0874665157571943 -68
1493740465210 b0:aa:77:62:49:70 -3.750508656307346 1.0874665157571943 -69
1493740465210 b0:aa:77:45:28:50 -3.750508656307346 1.0874665157571943 -70
1493740465210 84:b8:02:9e:79:f0 -3.750508656307346 1.0874665157571943 -81
1493740475637 00:15:e9:66:31:7c -3.750508656307346 1.0874665157571943 -43
1493740475637 c4:b3:01:de:10:c4 -3.750508656307346 1.0874665157571943 -75
1493740475637 c4:b3:01:de:10:c5 -3.750508656307346 1.0874665157571943 -83
1493740475637 58:6d:8f:1f:fa:64 -3.750508656307346 1.0874665157571943 -89
1493740475637 b0:aa:77:45:28:5e -3.750508656307346 1.0874665157571943 -79
1493740475637 b0:aa:77:45:28:5f -3.750508656307346 1.0874665157571943 -79
1493740475637 84:b8:02:c9:67:0e -3.750508656307346 1.0874665157571943 -80
1493740475637 84:b8:02:c9:67:0f -3.750508656307346 1.0874665157571943 -79
1493740475637 b0:aa:77:45:4a:de -3.750508656307346 1.0874665157571943 -83
1493740475637 b0:aa:77:45:4a:df -3.750508656307346 1.0874665157571943 -83
1493740475637 b0:aa:77:62:49:7f -3.750508656307346 1.0874665157571943 -84
1493740475637 b0:aa:77:62:49:7e -3.750508656307346 1.0874665157571943 -85
1493740475637 b0:aa:77:45:28:5d -3.750508656307346 1.0874665157571943 -81
1493740475637 b0:aa:77:45:4a:d2 -3.750508656307346 1.0874665157571943 -59
1493740475637 84:b8:02:c9:67:02 -3.750508656307346 1.0874665157571943 -79
1493740475637 84:b8:02:c9:67:0d -3.750508656307346 1.0874665157571943 -79
1493740475637 b0:aa:77:45:4a:dd -3.750508656307346 1.0874665157571943 -82
1493740475637 b0:aa:77:62:49:7d -3.750508656307346 1.0874665157571943 -83
1493740475637 b0:aa:77:45:4a:d0 -3.750508656307346 1.0874665157571943 -63
1493740475637 b0:aa:77:62:49:72 -3.750508656307346 1.0874665157571943 -66
1493740475637 b0:aa:77:45:4a:d1 -3.750508656307346 1.0874665157571943 -60
1493740475637 84:b8:02:c9:67:00 -3.750508656307346 1.0874665157571943 -78
1493740475637 b0:aa:77:45:28:52 -3.750508656307346 1.0874665157571943 -78
1493740475637 b0:aa:77:45:28:50 -3.750508656307346 1.0874665157571943 -77
1493740475637 84:b8:02:9e:79:f0 -3.750508656307346 1.0874665157571943 -81
1493740475637 b0:aa:77:45:1d:c1 -3.750508656307346 1.0874665157571943 -79
1493740475637 b0:aa:77:45:1d:c2 -3.750508656307346 1.0874665157571943 -80
1493740485684 00:15:e9:66:31:7c -3.750508656307346 1.0874665157571943 -58
1493740485684 c4:b3:01:de:10:c4 -3.750508656307346 1.0874665157571943 -75
1493740485684 c4:b3:01:de:10:c5 -3.750508656307346 1.0874665157571943 -81
1493740485684 58:6d:8f:1f:fa:64 -3.750508656307346 1.0874665157571943 -89
1493740485684 b0:aa:77:45:28:5e -3.750508656307346 1.0874665157571943 -79
1493740485684 b0:aa:77:45:28:5f -3.750508656307346 1.0874665157571943 -79
1493740485684 84:b8:02:c9:67:0e -3.750508656307346 1.0874665157571943 -80
1493740485684 84:b8:02:c9:67:0f -3.750508656307346 1.0874665157571943 -79
1493740485684 b0:aa:77:45:4a:de -3.750508656307346 1.0874665157571943 -80
1493740485684 b0:aa:77:45:4a:df -3.750508656307346 1.0874665157571943 -79
1493740485684 b0:aa:77:62:49:7f -3.750508656307346 1.0874665157571943 -77
1493740485684 b0:aa:77:62:49:7e -3.750508656307346 1.0874665157571943 -79
1493740485684 b0:aa:77:45:28:5d -3.750508656307346 1.0874665157571943 -81
1493740485684 b0:aa:77:45:4a:d2 -3.750508656307346 1.0874665157571943 -66
1493740485684 84:b8:02:c9:67:02 -3.750508656307346 1.0874665157571943 -79
1493740485684 84:b8:02:c9:67:0d -3.750508656307346 1.0874665157571943 -79
1493740485684 b0:aa:77:45:4a:dd -3.750508656307346 1.0874665157571943 -79
1493740485684 b0:aa:77:62:49:7d -3.750508656307346 1.0874665157571943 -77
1493740485684 b0:aa:77:45:4a:d0 -3.750508656307346 1.0874665157571943 -54
1493740485684 b0:aa:77:62:49:72 -3.750508656307346 1.0874665157571943 -62
1493740485684 b0:aa:77:45:4a:d1 -3.750508656307346 1.0874665157571943 -65
1493740485684 84:b8:02:c9:67:00 -3.750508656307346 1.0874665157571943 -79
1493740485684 b0:aa:77:45:28:52 -3.750508656307346 1.0874665157571943 -77
1493740485684 b0:aa:77:45:28:50 -3.750508656307346 1.0874665157571943 -77
1493740485684 84:b8:02:9e:79:f0 -3.750508656307346 1.0874665157571943 -81
1493740485684 b0:aa:77:45:1d:c1 -3.750508656307346 1.0874665157571943 -78
1493740485684 b0:aa:77:45:1d:c2 -3.750508656307346 1.0874665157571943 -77
1493740485684 84:b8:02:c9:6d:50 -3.750508656307346 1.0874665157571943 -75
1493740485684 84:b8:02:c9:6d:51 -3.750508656307346 1.0874665157571943 -75
1493740485684 00:23:eb:0b:4f:60 -3.750508656307346 1.0874665157571943 -77
1493740485684 84:b8:02:c9:6d:52 -3.750508656307346 1.0874665157571943 -75
1493740497679 00:15:e9:66:31:7c -3.7505086563527783 1.0874665156885062 -51
1493740497679 c4:b3:01:de:10:c4 -3.7505086563527783 1.0874665156885062 -67
1493740497679 c4:b3:01:de:10:c5 -3.7505086563527783 1.0874665156885062 -80
1493740497679 58:6d:8f:1f:fa:64 -3.7505086563527783 1.0874665156885062 -89
1493740497679 b0:aa:77:45:4a:de -3.7505086563527783 1.0874665156885062 -79
1493740497679 b0:aa:77:45:4a:df -3.7505086563527783 1.0874665156885062 -79
1493740497679 b0:aa:77:62:49:7f -3.7505086563527783 1.0874665156885062 -76
1493740497679 b0:aa:77:62:49:7e -3.7505086563527783 1.0874665156885062 -76
1493740497679 b0:aa:77:45:28:5d -3.7505086563527783 1.0874665156885062 -89
1493740497679 b0:aa:77:45:4a:d2 -3.7505086563527783 1.0874665156885062 -66
1493740497679 84:b8:02:c9:67:02 -3.7505086563527783 1.0874665156885062 -79
1493740497679 b0:aa:77:45:4a:dd -3.7505086563527783 1.0874665156885062 -78
1493740497679 b0:aa:77:62:49:7d -3.7505086563527783 1.0874665156885062 -76
1493740497679 b0:aa:77:45:4a:d0 -3.7505086563527783 1.0874665156885062 -55
1493740497679 b0:aa:77:62:49:72 -3.7505086563527783 1.0874665156885062 -62
1493740497679 b0:aa:77:45:4a:d1 -3.7505086563527783 1.0874665156885062 -65
1493740497679 84:b8:02:c9:67:00 -3.7505086563527783 1.0874665156885062 -78
1493740497679 b0:aa:77:45:28:52 -3.7505086563527783 1.0874665156885062 -77
1493740497679 b0:aa:77:45:28:50 -3.7505086563527783 1.0874665156885062 -77
1493740497679 b0:aa:77:45:1d:c1 -3.7505086563527783 1.0874665156885062 -78
1493740497679 b0:aa:77:45:1d:c2 -3.7505086563527783 1.0874665156885062 -77
1493740497679 84:b8:02:c9:6d:50 -3.7505086563527783 1.0874665156885062 -75
1493740497679 84:b8:02:c9:6d:51 -3.7505086563527783 1.0874665156885062 -71
1493740497679 00:23:eb:0b:4f:60 -3.7505086563527783 1.0874665156885062 -77
1493740497679 84:b8:02:c9:6d:52 -3.7505086563527783 1.0874665156885062 -71
1493740497679 b0:aa:77:62:49:70 -3.7505086563527783 1.0874665156885062 -63
1493740497679 84:b8:02:c9:6d:5f -3.7505086563527783 1.0874665156885062 -80
1493740497679 84:b8:02:c9:6d:5e -3.7505086563527783 1.0874665156885062 -80
1493740497679 5c:a4:8a:bf:bb:0f -3.7505086563527783 1.0874665156885062 -80
1493740497679 84:b8:02:c9:6d:5d -3.7505086563527783 1.0874665156885062 -79
1493740508665 00:15:e9:66:31:7c -3.750508656239198 1.0874665158602301 -51
1493740508665 c4:b3:01:de:10:c4 -3.750508656239198 1.0874665158602301 -72
1493740508665 c4:b3:01:de:10:c5 -3.750508656239198 1.0874665158602301 -80
1493740508665 b0:aa:77:45:4a:de -3.750508656239198 1.0874665158602301 -82
1493740508665 b0:aa:77:45:4a:df -3.750508656239198 1.0874665158602301 -80
1493740508665 b0:aa:77:62:49:7f -3.750508656239198 1.0874665158602301 -79
1493740508665 b0:aa:77:62:49:7e -3.750508656239198 1.0874665158602301 -80
1493740508665 b0:aa:77:45:28:5d -3.750508656239198 1.0874665158602301 -88
1493740508665 b0:aa:77:45:4a:d2 -3.750508656239198 1.0874665158602301 -66
1493740508665 84:b8:02:c9:67:02 -3.750508656239198 1.0874665158602301 -79
1493740508665 b0:aa:77:45:4a:dd -3.750508656239198 1.0874665158602301 -82
1493740508665 b0:aa:77:62:49:7d -3.750508656239198 1.0874665158602301 -79
1493740508665 b0:aa:77:45:4a:d0 -3.750508656239198 1.0874665158602301 -55
1493740508665 b0:aa:77:62:49:72 -3.750508656239198 1.0874665158602301 -62
1493740508665 b0:aa:77:45:4a:d1 -3.750508656239198 1.0874665158602301 -66
1493740508665 84:b8:02:c9:67:00 -3.750508656239198 1.0874665158602301 -81
1493740508665 b0:aa:77:45:28:52 -3.750508656239198 1.0874665158602301 -77
1493740508665 b0:aa:77:45:28:50 -3.750508656239198 1.0874665158602301 -77
1493740508665 b0:aa:77:45:1d:c1 -3.750508656239198 1.0874665158602301 -78
1493740508665 b0:aa:77:45:1d:c2 -3.750508656239198 1.0874665158602301 -77
1493740508665 84:b8:02:c9:6d:50 -3.750508656239198 1.0874665158602301 -75
1493740508665 84:b8:02:c9:6d:51 -3.750508656239198 1.0874665158602301 -71
1493740508665 00:23:eb:0b:4f:60 -3.750508656239198 1.0874665158602301 -77
1493740508665 84:b8:02:c9:6d:52 -3.750508656239198 1.0874665158602301 -67
1493740508665 b0:aa:77:62:49:70 -3.750508656239198 1.0874665158602301 -63
1493740508665 84:b8:02:c9:6d:5f -3.750508656239198 1.0874665158602301 -77
1493740508665 84:b8:02:c9:6d:5e -3.750508656239198 1.0874665158602301 -76
1493740508665 5c:a4:8a:bf:bb:0f -3.750508656239198 1.0874665158602301 -64
1493740508665 84:b8:02:c9:6d:5d -3.750508656239198 1.0874665158602301 -77
1493740508665 b0:aa:77:45:43:e0 -3.750508656239198 1.0874665158602301 -76
1493740508665 b0:aa:77:45:43:e2 -3.750508656239198 1.0874665158602301 -76
1493740517708 00:15:e9:66:31:7c -3.7505086565117836 1.0874665154480887 -74
1493740517708 c4:b3:01:de:10:c4 -3.7505086565117836 1.0874665154480887 -85
1493740517708 c4:b3:01:de:10:c5 -3.7505086565117836 1.0874665154480887 -80
1493740517708 b0:aa:77:45:4a:de -3.7505086565117836 1.0874665154480887 -82
1493740517708 b0:aa:77:45:4a:df -3.7505086565117836 1.0874665154480887 -80
1493740517708 b0:aa:77:62:49:7f -3.7505086565117836 1.0874665154480887 -79
1493740517708 b0:aa:77:62:49:7e -3.7505086565117836 1.0874665154480887 -80
1493740517708 b0:aa:77:45:28:5d -3.7505086565117836 1.0874665154480887 -88
1493740517708 b0:aa:77:45:4a:d2 -3.7505086565117836 1.0874665154480887 -66
1493740517708 b0:aa:77:45:4a:dd -3.7505086565117836 1.0874665154480887 -82
1493740517708 b0:aa:77:62:49:7d -3.7505086565117836 1.0874665154480887 -79
1493740517708 b0:aa:77:45:4a:d0 -3.7505086565117836 1.0874665154480887 -65
1493740517708 b0:aa:77:62:49:72 -3.7505086565117836 1.0874665154480887 -69
1493740517708 b0:aa:77:45:4a:d1 -3.7505086565117836 1.0874665154480887 -66
1493740517708 84:b8:02:c9:67:00 -3.7505086565117836 1.0874665154480887 -81
1493740517708 b0:aa:77:45:28:52 -3.7505086565117836 1.0874665154480887 -77
1493740517708 b0:aa:77:45:28:50 -3.7505086565117836 1.0874665154480887 -77
1493740517708 b0:aa:77:45:1d:c1 -3.7505086565117836 1.0874665154480887 -78
1493740517708 b0:aa:77:45:1d:c2 -3.7505086565117836 1.0874665154480887 -77
1493740517708 84:b8:02:c9:6d:50 -3.7505086565117836 1.0874665154480887 -75
1493740517708 84:b8:02:c9:6d:51 -3.7505086565117836 1.0874665154480887 -71
1493740517708 00:23:eb:0b:4f:60 -3.7505086565117836 1.0874665154480887 -77
1493740517708 84:b8:02:c9:6d:52 -3.7505086565117836 1.0874665154480887 -67
1493740517708 b0:aa:77:62:49:70 -3.7505086565117836 1.0874665154480887 -72
1493740517708 84:b8:02:c9:6d:5f -3.7505086565117836 1.0874665154480887 -77
1493740517708 84:b8:02:c9:6d:5e -3.7505086565117836 1.0874665154480887 -76
1493740517708 5c:a4:8a:bf:bb:0f -3.7505086565117836 1.0874665154480887 -65
1493740517708 84:b8:02:c9:6d:5d -3.7505086565117836 1.0874665154480887 -77
1493740517708 b0:aa:77:45:43:e0 -3.7505086565117836 1.0874665154480887 -76
1493740517708 b0:aa:77:45:43:e2 -3.7505086565117836 1.0874665154480887 -75
1493740528141 00:15:e9:66:31:7c -3.75050865732954 1.087466514211668 -75
1493740528141 c4:b3:01:de:10:c4 -3.75050865732954 1.087466514211668 -85
1493740528141 b0:aa:77:45:4a:d0 -3.75050865732954 1.087466514211668 -74
1493740528141 b0:aa:77:62:49:72 -3.75050865732954 1.087466514211668 -71
1493740528141 84:b8:02:c9:6d:51 -3.75050865732954 1.087466514211668 -54
1493740528141 84:b8:02:c9:6d:52 -3.75050865732954 1.087466514211668 -55
1493740528141 b0:aa:77:62:49:70 -3.75050865732954 1.087466514211668 -72
1493740528141 84:b8:02:c9:6d:5f -3.75050865732954 1.087466514211668 -73
1493740528141 84:b8:02:c9:6d:5e -3.75050865732954 1.087466514211668 -73
1493740528141 5c:a4:8a:bf:bb:0f -3.75050865732954 1.087466514211668 -55
1493740528141 84:b8:02:c9:6d:5d -3.75050865732954 1.087466514211668 -72
1493740528141 b0:aa:77:45:43:e2 -3.75050865732954 1.087466514211668 -75
1493740528141 5c:a4:8a:bf:bb:00 -3.75050865732954 1.087466514211668 -61
1493740528141 00:2a:10:1b:2e:fd -3.75050865732954 1.087466514211668 -87
1493740528141 00:2a:10:1b:2e:ff -3.75050865732954 1.087466514211668 -88
1493740528141 00:2a:10:1b:2e:fe -3.75050865732954 1.087466514211668 -89
1493740528141 00:2a:10:11:5f:b3 -3.75050865732954 1.087466514211668 -80
1493740528141 00:2a:10:1b:2e:fc -3.75050865732954 1.087466514211668 -87
1493740528141 00:2a:10:1b:2e:fb -3.75050865732954 1.087466514211668 -88
1493740538909 00:15:e9:66:31:7c -3.750510984491058 1.0874680526968792 -80
1493740538909 c4:b3:01:de:10:c4 -3.750510984491058 1.0874680526968792 -85
1493740538909 b0:aa:77:45:4a:d0 -3.750510984491058 1.0874680526968792 -74
1493740538909 b0:aa:77:62:49:72 -3.750510984491058 1.0874680526968792 -75
1493740538909 84:b8:02:c9:6d:51 -3.750510984491058 1.0874680526968792 -54
1493740538909 84:b8:02:c9:6d:52 -3.750510984491058 1.0874680526968792 -56
1493740538909 b0:aa:77:62:49:70 -3.750510984491058 1.0874680526968792 -72
1493740538909 84:b8:02:c9:6d:5f -3.750510984491058 1.0874680526968792 -73
1493740538909 84:b8:02:c9:6d:5e -3.750510984491058 1.0874680526968792 -73
1493740538909 5c:a4:8a:bf:bb:0f -3.750510984491058 1.0874680526968792 -62
1493740538909 84:b8:02:c9:6d:5d -3.750510984491058 1.0874680526968792 -72
1493740538909 b0:aa:77:45:43:e2 -3.750510984491058 1.0874680526968792 -75
1493740538909 5c:a4:8a:bf:bb:00 -3.750510984491058 1.0874680526968792 -61
1493740538909 00:2a:10:1b:2e:fd -3.750510984491058 1.0874680526968792 -87
1493740538909 00:2a:10:1b:2e:ff -3.750510984491058 1.0874680526968792 -88
1493740538909 00:2a:10:1b:2e:fe -3.750510984491058 1.0874680526968792 -89
1493740538909 00:2a:10:11:5f:b3 -3.750510984491058 1.0874680526968792 -80
1493740538909 00:2a:10:1b:2e:fc -3.750510984491058 1.0874680526968792 -87
1493740538909 00:2a:10:1b:2e:fb -3.750510984491058 1.0874680526968792 -88
1493740538909 00:2a:10:11:5f:b5 -3.750510984491058 1.0874680526968792 -82
1493740549677 00:15:e9:66:31:7c -3.7505086580110074 1.087466513181317 -87
1493740549677 c4:b3:01:de:10:c4 -3.7505086580110074 1.087466513181317 -85
1493740549677 b0:aa:77:45:4a:d0 -3.7505086580110074 1.087466513181317 -74
1493740549677 b0:aa:77:62:49:72 -3.7505086580110074 1.087466513181317 -76
1493740549677 84:b8:02:c9:6d:51 -3.7505086580110074 1.087466513181317 -54
1493740549677 84:b8:02:c9:6d:52 -3.7505086580110074 1.087466513181317 -56
1493740549677 b0:aa:77:62:49:70 -3.7505086580110074 1.087466513181317 -72
1493740549677 84:b8:02:c9:6d:5f -3.7505086580110074 1.087466513181317 -79
1493740549677 84:b8:02:c9:6d:5e -3.7505086580110074 1.087466513181317 -79
1493740549677 5c:a4:8a:bf:bb:0f -3.7505086580110074 1.087466513181317 -55
1493740549677 84:b8:02:c9:6d:5d -3.7505086580110074 1.087466513181317 -79
1493740549677 b0:aa:77:45:43:e2 -3.7505086580110074 1.087466513181317 -75
1493740549677 5c:a4:8a:bf:bb:00 -3.7505086580110074 1.087466513181317 -61
1493740549677 00:2a:10:1b:2e:fd -3.7505086580110074 1.087466513181317 -87
1493740549677 00:2a:10:1b:2e:ff -3.7505086580110074 1.087466513181317 -88
1493740549677 00:2a:10:1b:2e:fe -3.7505086580110074 1.087466513181317 -89
1493740549677 00:2a:10:11:5f:b3 -3.7505086580110074 1.087466513181317 -80
1493740549677 00:2a:10:1b:2e:fc -3.7505086580110074 1.087466513181317 -87
1493740549677 00:2a:10:1b:2e:fb -3.7505086580110074 1.087466513181317 -88
1493740549677 00:2a:10:11:5f:b5 -3.7505086580110074 1.087466513181317 -82
1493740549677 b0:aa:77:45:43:ee -3.7505086580110074 1.087466513181317 -88
1493740549677 b0:aa:77:45:43:ed -3.7505086580110074 1.087466513181317 -88
1493740561622 00:15:e9:66:31:7c -3.7505086589877763 1.0874665117044806 -87
1493740561622 b0:aa:77:45:4a:d0 -3.7505086589877763 1.0874665117044806 -74
1493740561622 b0:aa:77:62:49:72 -3.7505086589877763 1.0874665117044806 -79
1493740561622 84:b8:02:c9:6d:51 -3.7505086589877763 1.0874665117044806 -53
1493740561622 84:b8:02:c9:6d:52 -3.7505086589877763 1.0874665117044806 -53
1493740561622 b0:aa:77:62:49:70 -3.7505086589877763 1.0874665117044806 -72
1493740561622 84:b8:02:c9:6d:5f -3.7505086589877763 1.0874665117044806 -70
1493740561622 84:b8:02:c9:6d:5e -3.7505086589877763 1.0874665117044806 -70
1493740561622 5c:a4:8a:bf:bb:0f -3.7505086589877763 1.0874665117044806 -48
1493740561622 84:b8:02:c9:6d:5d -3.7505086589877763 1.0874665117044806 -70
1493740561622 5c:a4:8a:bf:bb:00 -3.7505086589877763 1.0874665117044806 -61
1493740561622 00:2a:10:1b:2e:fd -3.7505086589877763 1.0874665117044806 -87
1493740561622 00:2a:10:1b:2e:ff -3.7505086589877763 1.0874665117044806 -88
1493740561622 00:2a:10:1b:2e:fe -3.7505086589877763 1.0874665117044806 -89
1493740561622 00:2a:10:11:5f:b3 -3.7505086589877763 1.0874665117044806 -80
1493740561622 00:2a:10:1b:2e:fc -3.7505086589877763 1.0874665117044806 -87
1493740561622 00:2a:10:1b:2e:fb -3.7505086589877763 1.0874665117044806 -88
1493740561622 00:2a:10:11:5f:b5 -3.7505086589877763 1.0874665117044806 -82
1493740561622 b0:aa:77:45:43:ee -3.7505086589877763 1.0874665117044806 -80
1493740561622 b0:aa:77:45:43:ed -3.7505086589877763 1.0874665117044806 -80
1493740561622 74:ea:3a:bd:1e:88 -3.7505086589877763 1.0874665117044806 -86
1493740561622 00:23:eb:3a:17:60 -3.7505086589877763 1.0874665117044806 -79
1493740561622 b0:aa:77:62:49:7d -3.7505086589877763 1.0874665117044806 -89
1493740573501 00:15:e9:66:31:7c -3.7505133143104246 1.087469587163719 -87
1493740573501 b0:aa:77:62:49:72 -3.7505133143104246 1.087469587163719 -80
1493740573501 84:b8:02:c9:6d:51 -3.7505133143104246 1.087469587163719 -52
1493740573501 84:b8:02:c9:6d:52 -3.7505133143104246 1.087469587163719 -52
1493740573501 84:b8:02:c9:6d:5f -3.7505133143104246 1.087469587163719 -62
1493740573501 84:b8:02:c9:6d:5e -3.7505133143104246 1.087469587163719 -62
1493740573501 5c:a4:8a:bf:bb:0f -3.7505133143104246 1.087469587163719 -48
1493740573501 84:b8:02:c9:6d:5d -3.7505133143104246 1.087469587163719 -62
1493740573501 00:2a:10:1b:2e:ff -3.7505133143104246 1.087469587163719 -86
1493740573501 00:2a:10:1b:2e:fe -3.7505133143104246 1.087469587163719 -87
1493740573501 00:2a:10:11:5f:b3 -3.7505133143104246 1.087469587163719 -80
1493740573501 00:2a:10:11:5f:b5 -3.7505133143104246 1.087469587163719 -82
1493740573501 b0:aa:77:45:43:ee -3.7505133143104246 1.087469587163719 -79
1493740573501 b0:aa:77:45:43:ed -3.7505133143104246 1.087469587163719 -79
1493740573501 74:ea:3a:bd:1e:88 -3.7505133143104246 1.087469587163719 -86
1493740573501 00:23:eb:3a:17:60 -3.7505133143104246 1.087469587163719 -79
1493740573501 b0:aa:77:62:49:7d -3.7505133143104246 1.087469587163719 -89
1493740573501 14:91:82:70:fb:b0 -3.7505133143104246 1.087469587163719 -88
1493740573501 84:b8:02:c9:6f:41 -3.7505133143104246 1.087469587163719 -70
1493740573501 58:bc:27:92:80:7f -3.7505133143104246 1.087469587163719 -77
1493740573501 b0:aa:77:34:54:31 -3.7505133143104246 1.087469587163719 -78
1493740573501 20:bb:c0:1d:18:6f -3.7505133143104246 1.087469587163719 -91
1493740573501 c4:b3:01:de:10:c4 -3.7505133143104246 1.087469587163719 -88
1493740573501 84:b8:02:c9:6f:42 -3.7505133143104246 1.087469587163719 -70
1493740573501 00:2a:10:1b:2e:f5 -3.7505133143104246 1.087469587163719 -76
1493740573501 00:2a:10:1b:2e:f3 -3.7505133143104246 1.087469587163719 -76
1493740573501 00:2a:10:1b:2e:f4 -3.7505133143104246 1.087469587163719 -76
1493740573501 b0:aa:77:34:54:32 -3.7505133143104246 1.087469587163719 -78
1493740573501 b0:aa:77:45:10:a2 -3.7505133143104246 1.087469587163719 -80
1493740573501 b0:aa:77:34:54:3d -3.7505133143104246 1.087469587163719 -89
1493740586359 00:15:e9:66:31:7c -3.750515642130658 1.087471124652824 -87
1493740586359 b0:aa:77:62:49:72 -3.750515642130658 1.087471124652824 -80
1493740586359 84:b8:02:c9:6d:51 -3.750515642130658 1.087471124652824 -52
1493740586359 84:b8:02:c9:6d:52 -3.750515642130658 1.087471124652824 -52
1493740586359 84:b8:02:c9:6d:5f -3.750515642130658 1.087471124652824 -64
1493740586359 84:b8:02:c9:6d:5e -3.750515642130658 1.087471124652824 -64
1493740586359 5c:a4:8a:bf:bb:0f -3.750515642130658 1.087471124652824 -44
1493740586359 84:b8:02:c9:6d:5d -3.750515642130658 1.087471124652824 -64
1493740586359 00:2a:10:1b:2e:ff -3.750515642130658 1.087471124652824 -86
1493740586359 00:2a:10:1b:2e:fe -3.750515642130658 1.087471124652824 -85
1493740586359 b0:aa:77:45:43:ee -3.750515642130658 1.087471124652824 -79
1493740586359 b0:aa:77:45:43:ed -3.750515642130658 1.087471124652824 -79
1493740586359 74:ea:3a:bd:1e:88 -3.750515642130658 1.087471124652824 -82
1493740586359 00:23:eb:3a:17:60 -3.750515642130658 1.087471124652824 -79
1493740586359 b0:aa:77:62:49:7d -3.750515642130658 1.087471124652824 -89
1493740586359 14:91:82:70:fb:b0 -3.750515642130658 1.087471124652824 -88
1493740586359 84:b8:02:c9:6f:41 -3.750515642130658 1.087471124652824 -71
1493740586359 58:bc:27:92:80:7f -3.750515642130658 1.087471124652824 -69
1493740586359 b0:aa:77:34:54:31 -3.750515642130658 1.087471124652824 -78
1493740586359 20:bb:c0:1d:18:6f -3.750515642130658 1.087471124652824 -91
1493740586359 c4:b3:01:de:10:c4 -3.750515642130658 1.087471124652824 -88
1493740586359 84:b8:02:c9:6f:42 -3.750515642130658 1.087471124652824 -70
1493740586359 00:2a:10:1b:2e:f5 -3.750515642130658 1.087471124652824 -76
1493740586359 00:2a:10:1b:2e:f3 -3.750515642130658 1.087471124652824 -79
1493740586359 00:2a:10:1b:2e:f4 -3.750515642130658 1.087471124652824 -76
1493740586359 b0:aa:77:34:54:32 -3.750515642130658 1.087471124652824 -78
1493740586359 b0:aa:77:45:10:a2 -3.750515642130658 1.087471124652824 -76
1493740586359 b0:aa:77:34:54:3d -3.750515642130658 1.087471124652824 -89
1493740586359 14:91:82:70:fb:af -3.750515642130658 1.087471124652824 -82
1493740586359 b8:8d:12:63:59:dc -3.750515642130658 1.087471124652824 -86
1493740586359 b0:aa:77:34:54:30 -3.750515642130658 1.087471124652824 -77
1493740586359 20:bb:c0:1d:18:60 -3.750515642130658 1.087471124652824 -79
1493740586359 84:b8:02:c9:6f:4f -3.750515642130658 1.087471124652824 -84
1493740586359 00:2a:10:1b:2e:fd -3.750515642130658 1.087471124652824 -84
1493740586359 b0:aa:77:62:49:7e -3.750515642130658 1.087471124652824 -90
1493740586359 b0:aa:77:62:49:7f -3.750515642130658 1.087471124652824 -90
1493740586359 00:2a:10:1b:2e:fa -3.750515642130658 1.087471124652824 -85
1493740586359 84:b8:02:c9:6f:4d -3.750515642130658 1.087471124652824 -85
1493740586359 00:2a:10:1b:2e:fc -3.750515642130658 1.087471124652824 -85
1493740586359 00:2a:10:1b:2e:fb -3.750515642130658 1.087471124652824 -87
1493740596937 b0:aa:77:62:49:72 -3.750517969542038 1.0874726627602023 -80
1493740596937 84:b8:02:c9:6d:51 -3.750517969542038 1.0874726627602023 -60
1493740596937 84:b8:02:c9:6d:52 -3.750517969542038 1.0874726627602023 -60
1493740596937 84:b8:02:c9:6d:5f -3.750517969542038 1.0874726627602023 -67
1493740596937 84:b8:02:c9:6d:5e -3.750517969542038 1.0874726627602023 -68
1493740596937 5c:a4:8a:bf:bb:0f -3.750517969542038 1.0874726627602023 -62
1493740596937 84:b8:02:c9:6d:5d -3.750517969542038 1.0874726627602023 -68
1493740596937 00:2a:10:1b:2e:ff -3.750517969542038 1.0874726627602023 -86
1493740596937 00:2a:10:1b:2e:fe -3.750517969542038 1.0874726627602023 -85
1493740596937 b0:aa:77:45:43:ee -3.750517969542038 1.0874726627602023 -79
1493740596937 b0:aa:77:45:43:ed -3.750517969542038 1.0874726627602023 -75
1493740596937 74:ea:3a:bd:1e:88 -3.750517969542038 1.0874726627602023 -82
1493740596937 00:23:eb:3a:17:60 -3.750517969542038 1.0874726627602023 -79
1493740596937 b0:aa:77:62:49:7d -3.750517969542038 1.0874726627602023 -89
1493740596937 14:91:82:70:fb:b0 -3.750517969542038 1.0874726627602023 -88
1493740596937 84:b8:02:c9:6f:41 -3.750517969542038 1.0874726627602023 -70
1493740596937 58:bc:27:92:80:7f -3.750517969542038 1.0874726627602023 -65
1493740596937 b0:aa:77:34:54:31 -3.750517969542038 1.0874726627602023 -78
1493740596937 20:bb:c0:1d:18:6f -3.750517969542038 1.0874726627602023 -91
1493740596937 c4:b3:01:de:10:c4 -3.750517969542038 1.0874726627602023 -89
1493740596937 84:b8:02:c9:6f:42 -3.750517969542038 1.0874726627602023 -70
1493740596937 00:2a:10:1b:2e:f5 -3.750517969542038 1.0874726627602023 -76
1493740596937 00:2a:10:1b:2e:f3 -3.750517969542038 1.0874726627602023 -80
1493740596937 00:2a:10:1b:2e:f4 -3.750517969542038 1.0874726627602023 -76
1493740596937 b0:aa:77:34:54:32 -3.750517969542038 1.0874726627602023 -78
1493740596937 b0:aa:77:45:10:a2 -3.750517969542038 1.0874726627602023 -76
1493740596937 b0:aa:77:34:54:3d -3.750517969542038 1.0874726627602023 -89
1493740596937 14:91:82:70:fb:af -3.750517969542038 1.0874726627602023 -80
1493740596937 b8:8d:12:63:59:dc -3.750517969542038 1.0874726627602023 -86
1493740596937 b0:aa:77:34:54:30 -3.750517969542038 1.0874726627602023 -77
1493740596937 20:bb:c0:1d:18:60 -3.750517969542038 1.0874726627602023 -79
1493740596937 84:b8:02:c9:6f:4f -3.750517969542038 1.0874726627602023 -80
1493740596937 00:2a:10:1b:2e:fd -3.750517969542038 1.0874726627602023 -84
1493740596937 b0:aa:77:62:49:7e -3.750517969542038 1.0874726627602023 -90
1493740596937 b0:aa:77:62:49:7f -3.750517969542038 1.0874726627602023 -90
1493740596937 00:2a:10:1b:2e:fa -3.750517969542038 1.0874726627602023 -85
1493740596937 84:b8:02:c9:6f:4d -3.750517969542038 1.0874726627602023 -80
1493740596937 00:2a:10:1b:2e:fc -3.750517969542038 1.0874726627602023 -85
1493740596937 00:2a:10:1b:2e:fb -3.750517969542038 1.0874726627602023 -87
1493740596937 84:b8:02:c9:6f:4e -3.750517969542038 1.0874726627602023 -81
1493740607632 b0:aa:77:62:49:72 -3.7505179696556326 1.0874726625884872 -80
1493740607632 84:b8:02:c9:6d:51 -3.7505179696556326 1.0874726625884872 -63
1493740607632 84:b8:02:c9:6d:52 -3.7505179696556326 1.0874726625884872 -63
1493740607632 84:b8:02:c9:6d:5f -3.7505179696556326 1.0874726625884872 -75
1493740607632 84:b8:02:c9:6d:5e -3.7505179696556326 1.0874726625884872 -76
1493740607632 5c:a4:8a:bf:bb:0f -3.7505179696556326 1.0874726625884872 -69
1493740607632 84:b8:02:c9:6d:5d -3.7505179696556326 1.0874726625884872 -76
1493740607632 00:2a:10:1b:2e:ff -3.7505179696556326 1.0874726625884872 -86
1493740607632 00:2a:10:1b:2e:fe -3.7505179696556326 1.0874726625884872 -85
1493740607632 b0:aa:77:45:43:ee -3.7505179696556326 1.0874726625884872 -79
1493740607632 b0:aa:77:45:43:ed -3.7505179696556326 1.0874726625884872 -73
1493740607632 74:ea:3a:bd:1e:88 -3.7505179696556326 1.0874726625884872 -80
1493740607632 b0:aa:77:62:49:7d -3.7505179696556326 1.0874726625884872 -89
1493740607632 14:91:82:70:fb:b0 -3.7505179696556326 1.0874726625884872 -88
1493740607632 84:b8:02:c9:6f:41 -3.7505179696556326 1.0874726625884872 -70
1493740607632 58:bc:27:92:80:7f -3.7505179696556326 1.0874726625884872 -67
1493740607632 b0:aa:77:34:54:31 -3.7505179696556326 1.0874726625884872 -78
1493740607632 20:bb:c0:1d:18:6f -3.7505179696556326 1.0874726625884872 -91
1493740607632 c4:b3:01:de:10:c4 -3.7505179696556326 1.0874726625884872 -88
1493740607632 84:b8:02:c9:6f:42 -3.7505179696556326 1.0874726625884872 -73
1493740607632 00:2a:10:1b:2e:f5 -3.7505179696556326 1.0874726625884872 -76
1493740607632 00:2a:10:1b:2e:f3 -3.7505179696556326 1.0874726625884872 -80
1493740607632 00:2a:10:1b:2e:f4 -3.7505179696556326 1.0874726625884872 -76
1493740607632 b0:aa:77:34:54:32 -3.7505179696556326 1.0874726625884872 -75
1493740607632 b0:aa:77:45:10:a2 -3.7505179696556326 1.0874726625884872 -76
1493740607632 b0:aa:77:34:54:3d -3.7505179696556326 1.0874726625884872 -85
1493740607632 14:91:82:70:fb:af -3.7505179696556326 1.0874726625884872 -77
1493740607632 b8:8d:12:63:59:dc -3.7505179696556326 1.0874726625884872 -85
1493740607632 b0:aa:77:34:54:30 -3.7505179696556326 1.0874726625884872 -75
1493740607632 20:bb:c0:1d:18:60 -3.7505179696556326 1.0874726625884872 -80
1493740607632 84:b8:02:c9:6f:4f -3.7505179696556326 1.0874726625884872 -78
1493740607632 00:2a:10:1b:2e:fd -3.7505179696556326 1.0874726625884872 -84
1493740607632 b0:aa:77:62:49:7e -3.7505179696556326 1.0874726625884872 -90
1493740607632 b0:aa:77:62:49:7f -3.7505179696556326 1.0874726625884872 -90
1493740607632 00:2a:10:1b:2e:fa -3.7505179696556326 1.0874726625884872 -85
1493740607632 84:b8:02:c9:6f:4d -3.7505179696556326 1.0874726625884872 -79
1493740607632 00:2a:10:1b:2e:fc -3.7505179696556326 1.0874726625884872 -85
1493740607632 00:2a:10:1b:2e:fb -3.7505179696556326 1.0874726625884872 -87
1493740607632 84:b8:02:c9:6f:4e -3.7505179696556326 1.0874726625884872 -80
1493740607632 c6:8f:52:de:01:b0 -3.7505179696556326 1.0874726625884872 -83
1493740607632 c4:b3:01:de:52:8f -3.7505179696556326 1.0874726625884872 -84
1493740617449 84:b8:02:c9:6d:51 -3.354412518468912 1.1674465595862333 -63
1493740617449 84:b8:02:c9:6d:52 -3.354412518468912 1.1674465595862333 -63
1493740617449 84:b8:02:c9:6d:5f -3.354412518468912 1.1674465595862333 -82
1493740617449 84:b8:02:c9:6d:5e -3.354412518468912 1.1674465595862333 -82
1493740617449 5c:a4:8a:bf:bb:0f -3.354412518468912 1.1674465595862333 -65
1493740617449 84:b8:02:c9:6d:5d -3.354412518468912 1.1674465595862333 -81
1493740617449 00:2a:10:1b:2e:fe -3.354412518468912 1.1674465595862333 -85
1493740617449 b0:aa:77:45:43:ed -3.354412518468912 1.1674465595862333 -73
1493740617449 74:ea:3a:bd:1e:88 -3.354412518468912 1.1674465595862333 -79
1493740617449 b0:aa:77:62:49:7d -3.354412518468912 1.1674465595862333 -89
1493740617449 84:b8:02:c9:6f:41 -3.354412518468912 1.1674465595862333 -57
1493740617449 58:bc:27:92:80:7f -3.354412518468912 1.1674465595862333 -67
1493740617449 20:bb:c0:1d:18:6f -3.354412518468912 1.1674465595862333 -82
1493740617449 c4:b3:01:de:10:c4 -3.354412518468912 1.1674465595862333 -87
1493740617449 84:b8:02:c9:6f:42 -3.354412518468912 1.1674465595862333 -57
1493740617449 00:2a:10:1b:2e:f3 -3.354412518468912 1.1674465595862333 -80
1493740617449 b0:aa:77:34:54:32 -3.354412518468912 1.1674465595862333 -73
1493740617449 b0:aa:77:45:10:a2 -3.354412518468912 1.1674465595862333 -73
1493740617449 b0:aa:77:34:54:3d -3.354412518468912 1.1674465595862333 -86
1493740617449 14:91:82:70:fb:af -3.354412518468912 1.1674465595862333 -80
1493740617449 b8:8d:12:63:59:dc -3.354412518468912 1.1674465595862333 -81
1493740617449 b0:aa:77:34:54:30 -3.354412518468912 1.1674465595862333 -74
1493740617449 20:bb:c0:1d:18:60 -3.354412518468912 1.1674465595862333 -80
1493740617449 84:b8:02:c9:6f:4f -3.354412518468912 1.1674465595862333 -74
1493740617449 00:2a:10:1b:2e:fd -3.354412518468912 1.1674465595862333 -84
1493740617449 b0:aa:77:62:49:7e -3.354412518468912 1.1674465595862333 -90
1493740617449 b0:aa:77:62:49:7f -3.354412518468912 1.1674465595862333 -90
1493740617449 00:2a:10:1b:2e:fa -3.354412518468912 1.1674465595862333 -85
1493740617449 84:b8:02:c9:6f:4d -3.354412518468912 1.1674465595862333 -74
1493740617449 00:2a:10:1b:2e:fc -3.354412518468912 1.1674465595862333 -85
1493740617449 00:2a:10:1b:2e:fb -3.354412518468912 1.1674465595862333 -87
1493740617449 84:b8:02:c9:6f:4e -3.354412518468912 1.1674465595862333 -74
1493740617449 c6:8f:52:de:01:b0 -3.354412518468912 1.1674465595862333 -83
1493740617449 c4:b3:01:de:52:8f -3.354412518468912 1.1674465595862333 -84
1493740617449 b0:aa:77:45:10:ae -3.354412518468912 1.1674465595862333 -78
1493740617449 b0:aa:77:45:10:af -3.354412518468912 1.1674465595862333 -78
1493740617449 b0:aa:77:34:54:3f -3.354412518468912 1.1674465595862333 -88
1493740617449 b4:75:0e:4c:56:0a -3.354412518468912 1.1674465595862333 -87
1493740617449 b0:aa:77:45:10:ad -3.354412518468912 1.1674465595862333 -78
1493740617449 34:bd:c8:7f:8d:a4 -3.354412518468912 1.1674465595862333 -77
1493740627457 84:b8:02:c9:6d:51 -3.354412518468912 1.1674465595862333 -63
1493740627457 84:b8:02:c9:6d:52 -3.354412518468912 1.1674465595862333 -67
1493740627457 84:b8:02:c9:6d:5f -3.354412518468912 1.1674465595862333 -86
1493740627457 84:b8:02:c9:6d:5e -3.354412518468912 1.1674465595862333 -87
1493740627457 5c:a4:8a:bf:bb:0f -3.354412518468912 1.1674465595862333 -69
1493740627457 84:b8:02:c9:6d:5d -3.354412518468912 1.1674465595862333 -85
1493740627457 b0:aa:77:45:43:ed -3.354412518468912 1.1674465595862333 -73
1493740627457 74:ea:3a:bd:1e:88 -3.354412518468912 1.1674465595862333 -75
1493740627457 84:b8:02:c9:6f:41 -3.354412518468912 1.1674465595862333 -57
1493740627457 58:bc:27:92:80:7f -3.354412518468912 1.1674465595862333 -73
1493740627457 20:bb:c0:1d:18:6f -3.354412518468912 1.1674465595862333 -82
1493740627457 c4:b3:01:de:10:c4 -3.354412518468912 1.1674465595862333 -89
1493740627457 84:b8:02:c9:6f:42 -3.354412518468912 1.1674465595862333 -53
1493740627457 00:2a:10:1b:2e:f3 -3.354412518468912 1.1674465595862333 -80
1493740627457 b0:aa:77:34:54:32 -3.354412518468912 1.1674465595862333 -73
1493740627457 b0:aa:77:45:10:a2 -3.354412518468912 1.1674465595862333 -69
1493740627457 b0:aa:77:34:54:3d -3.354412518468912 1.1674465595862333 -85
1493740627457 14:91:82:70:fb:af -3.354412518468912 1.1674465595862333 -80
1493740627457 b8:8d:12:63:59:dc -3.354412518468912 1.1674465595862333 -85
1493740627457 b0:aa:77:34:54:30 -3.354412518468912 1.1674465595862333 -74
1493740627457 20:bb:c0:1d:18:60 -3.354412518468912 1.1674465595862333 -80
1493740627457 84:b8:02:c9:6f:4f -3.354412518468912 1.1674465595862333 -70
1493740627457 84:b8:02:c9:6f:4d -3.354412518468912 1.1674465595862333 -72
1493740627457 84:b8:02:c9:6f:4e -3.354412518468912 1.1674465595862333 -72
1493740627457 c6:8f:52:de:01:b0 -3.354412518468912 1.1674465595862333 -83
1493740627457 c4:b3:01:de:52:8f -3.354412518468912 1.1674465595862333 -84
1493740627457 b0:aa:77:45:10:ae -3.354412518468912 1.1674465595862333 -73
1493740627457 b0:aa:77:45:10:af -3.354412518468912 1.1674465595862333 -73
1493740627457 b0:aa:77:34:54:3f -3.354412518468912 1.1674465595862333 -88
1493740627457 b4:75:0e:4c:56:0a -3.354412518468912 1.1674465595862333 -87
1493740627457 b0:aa:77:45:10:ad -3.354412518468912 1.1674465595862333 -74
1493740627457 34:bd:c8:7f:8d:a4 -3.354412518468912 1.1674465595862333 -77
1493740627457 84:b8:02:c9:6f:40 -3.354412518468912 1.1674465595862333 -52
1493740627457 b0:aa:77:45:43:ee -3.354412518468912 1.1674465595862333 -74
1493740627457 00:23:eb:3a:17:60 -3.354412518468912 1.1674465595862333 -76
1493740627457 34:bd:c8:7f:8d:a0 -3.354412518468912 1.1674465595862333 -77
1493740627457 34:bd:c8:7f:8d:a1 -3.354412518468912 1.1674465595862333 -77
1493740627457 34:bd:c8:7f:8d:a2 -3.354412518468912 1.1674465595862333 -78
1493740627457 b0:aa:77:34:54:3e -3.354412518468912 1.1674465595862333 -86
1493740627457 34:bd:c8:7f:8d:a5 -3.354412518468912 1.1674465595862333 -78
1493740627457 34:bd:c8:7f:8d:a3 -3.354412518468912 1.1674465595862333 -78
1493740640447 84:b8:02:c9:6d:51 -3.7075396938708067 1.6842949789099677 -63
1493740640447 84:b8:02:c9:6d:52 -3.7075396938708067 1.6842949789099677 -70
1493740640447 84:b8:02:c9:6d:5f -3.7075396938708067 1.6842949789099677 -82
1493740640447 84:b8:02:c9:6d:5e -3.7075396938708067 1.6842949789099677 -83
1493740640447 5c:a4:8a:bf:bb:0f -3.7075396938708067 1.6842949789099677 -72
1493740640447 84:b8:02:c9:6d:5d -3.7075396938708067 1.6842949789099677 -82
1493740640447 b0:aa:77:45:43:ed -3.7075396938708067 1.6842949789099677 -67
1493740640447 74:ea:3a:bd:1e:88 -3.7075396938708067 1.6842949789099677 -69
1493740640447 84:b8:02:c9:6f:41 -3.7075396938708067 1.6842949789099677 -57
1493740640447 58:bc:27:92:80:7f -3.7075396938708067 1.6842949789099677 -70
1493740640447 20:bb:c0:1d:18:6f -3.7075396938708067 1.6842949789099677 -86
1493740640447 c4:b3:01:de:10:c4 -3.7075396938708067 1.6842949789099677 -90
1493740640447 84:b8:02:c9:6f:42 -3.7075396938708067 1.6842949789099677 -56
1493740640447 00:2a:10:1b:2e:f3 -3.7075396938708067 1.6842949789099677 -80
1493740640447 b0:aa:77:34:54:32 -3.7075396938708067 1.6842949789099677 -73
1493740640447 b0:aa:77:45:10:a2 -3.7075396938708067 1.6842949789099677 -69
1493740640447 b0:aa:77:34:54:3d -3.7075396938708067 1.6842949789099677 -83
1493740640447 14:91:82:70:fb:af -3.7075396938708067 1.6842949789099677 -75
1493740640447 b8:8d:12:63:59:dc -3.7075396938708067 1.6842949789099677 -81
1493740640447 b0:aa:77:34:54:30 -3.7075396938708067 1.6842949789099677 -74
1493740640447 20:bb:c0:1d:18:60 -3.7075396938708067 1.6842949789099677 -76
1493740640447 84:b8:02:c9:6f:4f -3.7075396938708067 1.6842949789099677 -69
1493740640447 84:b8:02:c9:6f:4d -3.7075396938708067 1.6842949789099677 -69
1493740640447 84:b8:02:c9:6f:4e -3.7075396938708067 1.6842949789099677 -69
1493740640447 c6:8f:52:de:01:b0 -3.7075396938708067 1.6842949789099677 -83
1493740640447 c4:b3:01:de:52:8f -3.7075396938708067 1.6842949789099677 -84
1493740640447 b0:aa:77:45:10:ae -3.7075396938708067 1.6842949789099677 -71
1493740640447 b0:aa:77:45:10:af -3.7075396938708067 1.6842949789099677 -72
1493740640447 b0:aa:77:34:54:3f -3.7075396938708067 1.6842949789099677 -83
1493740640447 b4:75:0e:4c:56:0a -3.7075396938708067 1.6842949789099677 -87
1493740640447 b0:aa:77:45:10:ad -3.7075396938708067 1.6842949789099677 -72
1493740640447 34:bd:c8:7f:8d:a4 -3.7075396938708067 1.6842949789099677 -71
1493740640447 84:b8:02:c9:6f:40 -3.7075396938708067 1.6842949789099677 -52
1493740640447 b0:aa:77:45:43:ee -3.7075396938708067 1.6842949789099677 -67
1493740640447 00:23:eb:3a:17:60 -3.7075396938708067 1.6842949789099677 -76
1493740640447 34:bd:c8:7f:8d:a0 -3.7075396938708067 1.6842949789099677 -71
1493740640447 34:bd:c8:7f:8d:a1 -3.7075396938708067 1.6842949789099677 -77
1493740640447 34:bd:c8:7f:8d:a2 -3.7075396938708067 1.6842949789099677 -72
1493740640447 b0:aa:77:34:54:3e -3.7075396938708067 1.6842949789099677 -86
1493740640447 34:bd:c8:7f:8d:a5 -3.7075396938708067 1.6842949789099677 -78
1493740640447 34:bd:c8:7f:8d:a3 -3.7075396938708067 1.6842949789099677 -78
1493740640447 58:bc:27:92:80:70 -3.7075396938708067 1.6842949789099677 -66
1493740640447 00:25:84:23:1d:b0 -3.7075396938708067 1.6842949789099677 -71
1493740640447 1c:e6:c7:4a:d3:6f -3.7075396938708067 1.6842949789099677 -85
1493740640447 34:bd:c8:7f:8d:ad -3.7075396938708067 1.6842949789099677 -88
1493740640447 34:bd:c8:7f:8d:a9 -3.7075396938708067 1.6842949789099677 -88
1493740640447 0c:51:01:e7:9e:4c -3.7075396938708067 1.6842949789099677 -89
1493740640447 00:25:84:23:1d:b3 -3.7075396938708067 1.6842949789099677 -70
1493740651793 84:b8:02:c9:6d:52 -3.7074653862519824 1.6842826539097988 -68
1493740651793 84:b8:02:c9:6d:5f -3.7074653862519824 1.6842826539097988 -82
1493740651793 84:b8:02:c9:6d:5e -3.7074653862519824 1.6842826539097988 -82
1493740651793 5c:a4:8a:bf:bb:0f -3.7074653862519824 1.6842826539097988 -83
1493740651793 84:b8:02:c9:6d:5d -3.7074653862519824 1.6842826539097988 -83
1493740651793 b0:aa:77:45:43:ed -3.7074653862519824 1.6842826539097988 -77
1493740651793 74:ea:3a:bd:1e:88 -3.7074653862519824 1.6842826539097988 -73
1493740651793 84:b8:02:c9:6f:41 -3.7074653862519824 1.6842826539097988 -55
1493740651793 58:bc:27:92:80:7f -3.7074653862519824 1.6842826539097988 -67
1493740651793 20:bb:c0:1d:18:6f -3.7074653862519824 1.6842826539097988 -85
1493740651793 c4:b3:01:de:10:c4 -3.7074653862519824 1.6842826539097988 -84
1493740651793 84:b8:02:c9:6f:42 -3.7074653862519824 1.6842826539097988 -53
1493740651793 b0:aa:77:34:54:32 -3.7074653862519824 1.6842826539097988 -68
1493740651793 b0:aa:77:45:10:a2 -3.7074653862519824 1.6842826539097988 -68
1493740651793 b0:aa:77:34:54:3d -3.7074653862519824 1.6842826539097988 -82
1493740651793 14:91:82:70:fb:af -3.7074653862519824 1.6842826539097988 -75
1493740651793 b8:8d:12:63:59:dc -3.7074653862519824 1.6842826539097988 -81
1493740651793 b0:aa:77:34:54:30 -3.7074653862519824 1.6842826539097988 -70
1493740651793 20:bb:c0:1d:18:60 -3.7074653862519824 1.6842826539097988 -75
1493740651793 84:b8:02:c9:6f:4f -3.7074653862519824 1.6842826539097988 -65
1493740651793 84:b8:02:c9:6f:4d -3.7074653862519824 1.6842826539097988 -64
1493740651793 84:b8:02:c9:6f:4e -3.7074653862519824 1.6842826539097988 -64
1493740651793 c6:8f:52:de:01:b0 -3.7074653862519824 1.6842826539097988 -89
1493740651793 c4:b3:01:de:52:8f -3.7074653862519824 1.6842826539097988 -89
1493740651793 b0:aa:77:45:10:ae -3.7074653862519824 1.6842826539097988 -77
1493740651793 b0:aa:77:45:10:af -3.7074653862519824 1.6842826539097988 -77
1493740651793 b0:aa:77:34:54:3f -3.7074653862519824 1.6842826539097988 -80
1493740651793 b4:75:0e:4c:56:0a -3.7074653862519824 1.6842826539097988 -81
1493740651793 b0:aa:77:45:10:ad -3.7074653862519824 1.6842826539097988 -76
1493740651793 34:bd:c8:7f:8d:a4 -3.7074653862519824 1.6842826539097988 -70
1493740651793 84:b8:02:c9:6f:40 -3.7074653862519824 1.6842826539097988 -52
1493740651793 b0:aa:77:45:43:ee -3.7074653862519824 1.6842826539097988 -77
1493740651793 00:23:eb:3a:17:60 -3.7074653862519824 1.6842826539097988 -76
1493740651793 34:bd:c8:7f:8d:a0 -3.7074653862519824 1.6842826539097988 -69
1493740651793 34:bd:c8:7f:8d:a1 -3.7074653862519824 1.6842826539097988 -70
1493740651793 34:bd:c8:7f:8d:a2 -3.7074653862519824 1.6842826539097988 -70
1493740651793 b0:aa:77:34:54:3e -3.7074653862519824 1.6842826539097988 -82
1493740651793 34:bd:c8:7f:8d:a5 -3.7074653862519824 1.6842826539097988 -70
1493740651793 34:bd:c8:7f:8d:a3 -3.7074653862519824 1.6842826539097988 -70
1493740651793 58:bc:27:92:80:70 -3.7074653862519824 1.6842826539097988 -66
1493740651793 00:25:84:23:1d:b0 -3.7074653862519824 1.6842826539097988 -71
1493740651793 1c:e6:c7:4a:d3:6f -3.7074653862519824 1.6842826539097988 -83
1493740651793 34:bd:c8:7f:8d:ad -3.7074653862519824 1.6842826539097988 -88
1493740651793 34:bd:c8:7f:8d:a9 -3.7074653862519824 1.6842826539097988 -88
1493740651793 0c:51:01:e7:9e:4c -3.7074653862519824 1.6842826539097988 -84
1493740651793 00:25:84:23:1d:b3 -3.7074653862519824 1.6842826539097988 -66
1493740651793 5c:a4:8a:bf:bb:00 -3.7074653862519824 1.6842826539097988 -65
1493740651793 84:b8:02:c9:6d:50 -3.7074653862519824 1.6842826539097988 -68
1493740651793 b0:aa:77:45:10:a0 -3.7074653862519824 1.6842826539097988 -68
1493740651793 b0:aa:77:45:10:a1 -3.7074653862519824 1.6842826539097988 -69
1493740651793 b0:aa:77:45:43:e1 -3.7074653862519824 1.6842826539097988 -74
1493740651793 b0:aa:77:45:43:ef -3.7074653862519824 1.6842826539097988 -78
1493740651793 b8:8d:12:63:59:db -3.7074653862519824 1.6842826539097988 -80
1493740651793 1c:e6:c7:4b:b7:5f -3.7074653862519824 1.6842826539097988 -86
1493740651793 c6:8e:52:de:01:b0 -3.7074653862519824 1.6842826539097988 -89
1493740668653 84:b8:02:c9:6d:52 -3.7074406159548943 1.6842785521574317 -72
1493740668653 84:b8:02:c9:6d:5f -3.7074406159548943 1.6842785521574317 -82
1493740668653 84:b8:02:c9:6d:5e -3.7074406159548943 1.6842785521574317 -89
1493740668653 5c:a4:8a:bf:bb:0f -3.7074406159548943 1.6842785521574317 -71
1493740668653 84:b8:02:c9:6d:5d -3.7074406159548943 1.6842785521574317 -86
1493740668653 b0:aa:77:45:43:ed -3.7074406159548943 1.6842785521574317 -80
1493740668653 74:ea:3a:bd:1e:88 -3.7074406159548943 1.6842785521574317 -76
1493740668653 84:b8:02:c9:6f:41 -3.7074406159548943 1.6842785521574317 -57
1493740668653 58:bc:27:92:80:7f -3.7074406159548943 1.6842785521574317 -63
1493740668653 20:bb:c0:1d:18:6f -3.7074406159548943 1.6842785521574317 -85
1493740668653 c4:b3:01:de:10:c4 -3.7074406159548943 1.6842785521574317 -80
1493740668653 84:b8:02:c9:6f:42 -3.7074406159548943 1.6842785521574317 -57
1493740668653 b0:aa:77:34:54:32 -3.7074406159548943 1.6842785521574317 -70
1493740668653 b0:aa:77:45:10:a2 -3.7074406159548943 1.6842785521574317 -74
1493740668653 b0:aa:77:34:54:3d -3.7074406159548943 1.6842785521574317 -77
1493740668653 14:91:82:70:fb:af -3.7074406159548943 1.6842785521574317 -75
1493740668653 b8:8d:12:63:59:dc -3.7074406159548943 1.6842785521574317 -84
1493740668653 b0:aa:77:34:54:30 -3.7074406159548943 1.6842785521574317 -70
1493740668653 20:bb:c0:1d:18:60 -3.7074406159548943 1.6842785521574317 -75
1493740668653 84:b8:02:c9:6f:4f -3.7074406159548943 1.6842785521574317 -75
1493740668653 84:b8:02:c9:6f:4d -3.7074406159548943 1.6842785521574317 -76
1493740668653 84:b8:02:c9:6f:4e -3.7074406159548943 1.6842785521574317 -76
1493740668653 c6:8f:52:de:01:b0 -3.7074406159548943 1.6842785521574317 -87
1493740668653 c4:b3:01:de:52:8f -3.7074406159548943 1.6842785521574317 -88
1493740668653 b0:aa:77:45:10:ae -3.7074406159548943 1.6842785521574317 -77
1493740668653 b0:aa:77:45:10:af -3.7074406159548943 1.6842785521574317 -77
1493740668653 b0:aa:77:34:54:3f -3.7074406159548943 1.6842785521574317 -77
1493740668653 b4:75:0e:4c:56:0a -3.7074406159548943 1.6842785521574317 -81
1493740668653 b0:aa:77:45:10:ad -3.7074406159548943 1.6842785521574317 -76
1493740668653 34:bd:c8:7f:8d:a4 -3.7074406159548943 1.6842785521574317 -70
1493740668653 b0:aa:77:45:43:ee -3.7074406159548943 1.6842785521574317 -77
1493740668653 34:bd:c8:7f:8d:a0 -3.7074406159548943 1.6842785521574317 -69
1493740668653 34:bd:c8:7f:8d:a1 -3.7074406159548943 1.6842785521574317 -70
1493740668653 34:bd:c8:7f:8d:a2 -3.7074406159548943 1.6842785521574317 -70
1493740668653 b0:aa:77:34:54:3e -3.7074406159548943 1.6842785521574317 -77
1493740668653 34:bd:c8:7f:8d:a5 -3.7074406159548943 1.6842785521574317 -70
1493740668653 34:bd:c8:7f:8d:a3 -3.7074406159548943 1.6842785521574317 -70
1493740668653 1c:e6:c7:4a:d3:6f -3.7074406159548943 1.6842785521574317 -83
1493740668653 0c:51:01:e7:9e:4c -3.7074406159548943 1.6842785521574317 -84
1493740668653 00:25:84:23:1d:b3 -3.7074406159548943 1.6842785521574317 -66
1493740668653 5c:a4:8a:bf:bb:00 -3.7074406159548943 1.6842785521574317 -65
1493740668653 84:b8:02:c9:6d:50 -3.7074406159548943 1.6842785521574317 -72
1493740668653 b0:aa:77:45:10:a0 -3.7074406159548943 1.6842785521574317 -75
1493740668653 b0:aa:77:45:10:a1 -3.7074406159548943 1.6842785521574317 -69
1493740668653 b0:aa:77:45:43:e1 -3.7074406159548943 1.6842785521574317 -74
1493740668653 b0:aa:77:45:43:ef -3.7074406159548943 1.6842785521574317 -80
1493740668653 b8:8d:12:63:59:db -3.7074406159548943 1.6842785521574317 -80
1493740668653 1c:e6:c7:4b:b7:5f -3.7074406159548943 1.6842785521574317 -86
1493740668653 c6:8e:52:de:01:b0 -3.7074406159548943 1.6842785521574317 -89
1493740668653 14:91:82:70:fb:b0 -3.7074406159548943 1.6842785521574317 -82
1493740679019 84:b8:02:c9:6d:52 -3.7074158451131254 1.6842744536957 -69
1493740679019 84:b8:02:c9:6d:5f -3.7074158451131254 1.6842744536957 -82
1493740679019 84:b8:02:c9:6d:5e -3.7074158451131254 1.6842744536957 -89
1493740679019 5c:a4:8a:bf:bb:0f -3.7074158451131254 1.6842744536957 -75
1493740679019 84:b8:02:c9:6d:5d -3.7074158451131254 1.6842744536957 -90
1493740679019 b0:aa:77:45:43:ed -3.7074158451131254 1.6842744536957 -80
1493740679019 74:ea:3a:bd:1e:88 -3.7074158451131254 1.6842744536957 -82
1493740679019 84:b8:02:c9:6f:41 -3.7074158451131254 1.6842744536957 -61
1493740679019 58:bc:27:92:80:7f -3.7074158451131254 1.6842744536957 -64
1493740679019 20:bb:c0:1d:18:6f -3.7074158451131254 1.6842744536957 -84
1493740679019 c4:b3:01:de:10:c4 -3.7074158451131254 1.6842744536957 -84
1493740679019 84:b8:02:c9:6f:42 -3.7074158451131254 1.6842744536957 -61
1493740679019 b0:aa:77:34:54:32 -3.7074158451131254 1.6842744536957 -65
1493740679019 b0:aa:77:45:10:a2 -3.7074158451131254 1.6842744536957 -73
1493740679019 b0:aa:77:34:54:3d -3.7074158451131254 1.6842744536957 -77
1493740679019 14:91:82:70:fb:af -3.7074158451131254 1.6842744536957 -73
1493740679019 b8:8d:12:63:59:dc -3.7074158451131254 1.6842744536957 -84
1493740679019 b0:aa:77:34:54:30 -3.7074158451131254 1.6842744536957 -66
1493740679019 20:bb:c0:1d:18:60 -3.7074158451131254 1.6842744536957 -73
1493740679019 84:b8:02:c9:6f:4f -3.7074158451131254 1.6842744536957 -79
1493740679019 84:b8:02:c9:6f:4d -3.7074158451131254 1.6842744536957 -77
1493740679019 84:b8:02:c9:6f:4e -3.7074158451131254 1.6842744536957 -79
1493740679019 c6:8f:52:de:01:b0 -3.7074158451131254 1.6842744536957 -87
1493740679019 c4:b3:01:de:52:8f -3.7074158451131254 1.6842744536957 -88
1493740679019 b0:aa:77:45:10:ae -3.7074158451131254 1.6842744536957 -77
1493740679019 b0:aa:77:45:10:af -3.7074158451131254 1.6842744536957 -78
1493740679019 b0:aa:77:34:54:3f -3.7074158451131254 1.6842744536957 -77
1493740679019 b4:75:0e:4c:56:0a -3.7074158451131254 1.6842744536957 -81
1493740679019 b0:aa:77:45:10:ad -3.7074158451131254 1.6842744536957 -78
1493740679019 34:bd:c8:7f:8d:a4 -3.7074158451131254 1.6842744536957 -70
1493740679019 b0:aa:77:45:43:ee -3.7074158451131254 1.6842744536957 -77
1493740679019 34:bd:c8:7f:8d:a0 -3.7074158451131254 1.6842744536957 -69
1493740679019 34:bd:c8:7f:8d:a1 -3.7074158451131254 1.6842744536957 -70
1493740679019 34:bd:c8:7f:8d:a2 -3.7074158451131254 1.6842744536957 -70
1493740679019 b0:aa:77:34:54:3e -3.7074158451131254 1.6842744536957 -77
1493740679019 34:bd:c8:7f:8d:a5 -3.7074158451131254 1.6842744536957 -70
1493740679019 34:bd:c8:7f:8d:a3 -3.7074158451131254 1.6842744536957 -70
1493740679019 1c:e6:c7:4a:d3:6f -3.7074158451131254 1.6842744536957 -81
1493740679019 0c:51:01:e7:9e:4c -3.7074158451131254 1.6842744536957 -84
1493740679019 00:25:84:23:1d:b3 -3.7074158451131254 1.6842744536957 -66
1493740679019 5c:a4:8a:bf:bb:00 -3.7074158451131254 1.6842744536957 -65
1493740679019 84:b8:02:c9:6d:50 -3.7074158451131254 1.6842744536957 -69
1493740679019 b0:aa:77:45:10:a0 -3.7074158451131254 1.6842744536957 -73
1493740679019 b0:aa:77:45:10:a1 -3.7074158451131254 1.6842744536957 -69
1493740679019 b0:aa:77:45:43:e1 -3.7074158451131254 1.6842744536957 -74
1493740679019 b0:aa:77:45:43:ef -3.7074158451131254 1.6842744536957 -80
1493740679019 b8:8d:12:63:59:db -3.7074158451131254 1.6842744536957 -80
1493740679019 1c:e6:c7:4b:b7:5f -3.7074158451131254 1.6842744536957 -86
1493740679019 c6:8e:52:de:01:b0 -3.7074158451131254 1.6842744536957 -89
1493740679019 14:91:82:70:fb:b0 -3.7074158451131254 1.6842744536957 -83
1493740689155 84:b8:02:c9:6d:52 -3.7074158451131254 1.6842744536957 -76
1493740689155 84:b8:02:c9:6d:5f -3.7074158451131254 1.6842744536957 -82
1493740689155 84:b8:02:c9:6d:5e -3.7074158451131254 1.6842744536957 -89
1493740689155 5c:a4:8a:bf:bb:0f -3.7074158451131254 1.6842744536957 -76
1493740689155 84:b8:02:c9:6d:5d -3.7074158451131254 1.6842744536957 -89
1493740689155 b0:aa:77:45:43:ed -3.7074158451131254 1.6842744536957 -85
1493740689155 74:ea:3a:bd:1e:88 -3.7074158451131254 1.6842744536957 -82
1493740689155 84:b8:02:c9:6f:41 -3.7074158451131254 1.6842744536957 -61
1493740689155 58:bc:27:92:80:7f -3.7074158451131254 1.6842744536957 -64
1493740689155 20:bb:c0:1d:18:6f -3.7074158451131254 1.6842744536957 -80
1493740689155 c4:b3:01:de:10:c4 -3.7074158451131254 1.6842744536957 -88
1493740689155 84:b8:02:c9:6f:42 -3.7074158451131254 1.6842744536957 -60
1493740689155 b0:aa:77:34:54:32 -3.7074158451131254 1.6842744536957 -63
1493740689155 b0:aa:77:45:10:a2 -3.7074158451131254 1.6842744536957 -75
1493740689155 b0:aa:77:34:54:3d -3.7074158451131254 1.6842744536957 -73
1493740689155 14:91:82:70:fb:af -3.7074158451131254 1.6842744536957 -71
1493740689155 b8:8d:12:63:59:dc -3.7074158451131254 1.6842744536957 -90
1493740689155 b0:aa:77:34:54:30 -3.7074158451131254 1.6842744536957 -65
1493740689155 20:bb:c0:1d:18:60 -3.7074158451131254 1.6842744536957 -69
1493740689155 84:b8:02:c9:6f:4f -3.7074158451131254 1.6842744536957 -75
1493740689155 84:b8:02:c9:6f:4d -3.7074158451131254 1.6842744536957 -73
1493740689155 84:b8:02:c9:6f:4e -3.7074158451131254 1.6842744536957 -75
1493740689155 c6:8f:52:de:01:b0 -3.7074158451131254 1.6842744536957 -87
1493740689155 c4:b3:01:de:52:8f -3.7074158451131254 1.6842744536957 -88
1493740689155 b0:aa:77:45:10:ae -3.7074158451131254 1.6842744536957 -73
1493740689155 b0:aa:77:45:10:af -3.7074158451131254 1.6842744536957 -74
1493740689155 b0:aa:77:34:54:3f -3.7074158451131254 1.6842744536957 -73
1493740689155 b4:75:0e:4c:56:0a -3.7074158451131254 1.6842744536957 -84
1493740689155 b0:aa:77:45:10:ad -3.7074158451131254 1.6842744536957 -74
1493740689155 34:bd:c8:7f:8d:a4 -3.7074158451131254 1.6842744536957 -70
1493740689155 b0:aa:77:45:43:ee -3.7074158451131254 1.6842744536957 -85
1493740689155 34:bd:c8:7f:8d:a0 -3.7074158451131254 1.6842744536957 -69
1493740689155 34:bd:c8:7f:8d:a1 -3.7074158451131254 1.6842744536957 -70
1493740689155 34:bd:c8:7f:8d:a2 -3.7074158451131254 1.6842744536957 -70
1493740689155 b0:aa:77:34:54:3e -3.7074158451131254 1.6842744536957 -74
1493740689155 34:bd:c8:7f:8d:a5 -3.7074158451131254 1.6842744536957 -70
1493740689155 34:bd:c8:7f:8d:a3 -3.7074158451131254 1.6842744536957 -70
1493740689155 1c:e6:c7:4a:d3:6f -3.7074158451131254 1.6842744536957 -81
1493740689155 0c:51:01:e7:9e:4c -3.7074158451131254 1.6842744536957 -84
1493740689155 00:25:84:23:1d:b3 -3.7074158451131254 1.6842744536957 -66
1493740689155 5c:a4:8a:bf:bb:00 -3.7074158451131254 1.6842744536957 -65
1493740689155 84:b8:02:c9:6d:50 -3.7074158451131254 1.6842744536957 -75
1493740689155 b0:aa:77:45:10:a0 -3.7074158451131254 1.6842744536957 -76
1493740689155 b0:aa:77:45:10:a1 -3.7074158451131254 1.6842744536957 -69
1493740689155 b0:aa:77:45:43:e1 -3.7074158451131254 1.6842744536957 -74
1493740689155 b0:aa:77:45:43:ef -3.7074158451131254 1.6842744536957 -80
1493740689155 b8:8d:12:63:59:db -3.7074158451131254 1.6842744536957 -80
1493740689155 1c:e6:c7:4b:b7:5f -3.7074158451131254 1.6842744536957 -86
1493740689155 c6:8e:52:de:01:b0 -3.7074158451131254 1.6842744536957 -82
1493740689155 14:91:82:70:fb:b0 -3.7074158451131254 1.6842744536957 -83
1493740689155 c4:b3:01:de:10:c5 -3.7074158451131254 1.6842744536957 -87
1493740689155 00:25:84:23:1d:bd -3.7074158451131254 1.6842744536957 -82
1493740689155 00:25:84:23:1d:be -3.7074158451131254 1.6842744536957 -83
1493740689155 c4:b3:01:de:52:8e -3.7074158451131254 1.6842744536957 -81
1493740689155 00:25:84:23:1d:bc -3.7074158451131254 1.6842744536957 -82
1493740699890 84:b8:02:c9:6d:52 -3.7074158451131254 1.6842744536957 -76
1493740699890 84:b8:02:c9:6d:5e -3.7074158451131254 1.6842744536957 -89
1493740699890 5c:a4:8a:bf:bb:0f -3.7074158451131254 1.6842744536957 -79
1493740699890 84:b8:02:c9:6d:5d -3.7074158451131254 1.6842744536957 -89
1493740699890 b0:aa:77:45:43:ed -3.7074158451131254 1.6842744536957 -85
1493740699890 74:ea:3a:bd:1e:88 -3.7074158451131254 1.6842744536957 -86
1493740699890 84:b8:02:c9:6f:41 -3.7074158451131254 1.6842744536957 -65
1493740699890 58:bc:27:92:80:7f -3.7074158451131254 1.6842744536957 -62
1493740699890 20:bb:c0:1d:18:6f -3.7074158451131254 1.6842744536957 -76
1493740699890 c4:b3:01:de:10:c4 -3.7074158451131254 1.6842744536957 -84
1493740699890 84:b8:02:c9:6f:42 -3.7074158451131254 1.6842744536957 -65
1493740699890 b0:aa:77:34:54:32 -3.7074158451131254 1.6842744536957 -61
1493740699890 b0:aa:77:45:10:a2 -3.7074158451131254 1.6842744536957 -69
1493740699890 b0:aa:77:34:54:3d -3.7074158451131254 1.6842744536957 -65
1493740699890 14:91:82:70:fb:af -3.7074158451131254 1.6842744536957 -70
1493740699890 b8:8d:12:63:59:dc -3.7074158451131254 1.6842744536957 -87
1493740699890 b0:aa:77:34:54:30 -3.7074158451131254 1.6842744536957 -61
1493740699890 20:bb:c0:1d:18:60 -3.7074158451131254 1.6842744536957 -73
1493740699890 84:b8:02:c9:6f:4f -3.7074158451131254 1.6842744536957 -75
1493740699890 84:b8:02:c9:6f:4d -3.7074158451131254 1.6842744536957 -82
1493740699890 84:b8:02:c9:6f:4e -3.7074158451131254 1.6842744536957 -83
1493740699890 c6:8f:52:de:01:b0 -3.7074158451131254 1.6842744536957 -87
1493740699890 c4:b3:01:de:52:8f -3.7074158451131254 1.6842744536957 -88
1493740699890 b0:aa:77:45:10:ae -3.7074158451131254 1.6842744536957 -75
1493740699890 b0:aa:77:45:10:af -3.7074158451131254 1.6842744536957 -74
1493740699890 b0:aa:77:34:54:3f -3.7074158451131254 1.6842744536957 -65
1493740699890 b4:75:0e:4c:56:0a -3.7074158451131254 1.6842744536957 -84
1493740699890 b0:aa:77:45:10:ad -3.7074158451131254 1.6842744536957 -76
1493740699890 b0:aa:77:45:43:ee -3.7074158451131254 1.6842744536957 -85
1493740699890 b0:aa:77:34:54:3e -3.7074158451131254 1.6842744536957 -66
1493740699890 1c:e6:c7:4a:d3:6f -3.7074158451131254 1.6842744536957 -75
1493740699890 84:b8:02:c9:6d:50 -3.7074158451131254 1.6842744536957 -75
1493740699890 b0:aa:77:45:10:a0 -3.7074158451131254 1.6842744536957 -68
1493740699890 b0:aa:77:45:43:ef -3.7074158451131254 1.6842744536957 -80
1493740699890 1c:e6:c7:4b:b7:5f -3.7074158451131254 1.6842744536957 -88
1493740699890 c6:8e:52:de:01:b0 -3.7074158451131254 1.6842744536957 -83
1493740699890 14:91:82:70:fb:b0 -3.7074158451131254 1.6842744536957 -83
1493740699890 c4:b3:01:de:10:c5 -3.7074158451131254 1.6842744536957 -87
1493740699890 00:25:84:23:1d:bd -3.7074158451131254 1.6842744536957 -79
1493740699890 00:25:84:23:1d:be -3.7074158451131254 1.6842744536957 -80
1493740699890 c4:b3:01:de:52:8e -3.7074158451131254 1.6842744536957 -81
1493740699890 00:25:84:23:1d:bc -3.7074158451131254 1.6842744536957 -79
1493740699890 00:25:84:23:1d:bf -3.7074158451131254 1.6842744536957 -80
1493740699890 34:bd:c8:db:c4:11 -3.7074158451131254 1.6842744536957 -80
1493740699890 34:bd:c8:db:c4:15 -3.7074158451131254 1.6842744536957 -81
1493740699890 34:bd:c8:db:c4:13 -3.7074158451131254 1.6842744536957 -81
1493740710747 84:b8:02:c9:6d:52 -3.7074158451131254 1.6842744536957 -76
1493740710747 84:b8:02:c9:6d:5e -3.7074158451131254 1.6842744536957 -89
1493740710747 5c:a4:8a:bf:bb:0f -3.7074158451131254 1.6842744536957 -78
1493740710747 84:b8:02:c9:6d:5d -3.7074158451131254 1.6842744536957 -89
1493740710747 b0:aa:77:45:43:ed -3.7074158451131254 1.6842744536957 -85
1493740710747 74:ea:3a:bd:1e:88 -3.7074158451131254 1.6842744536957 -86
1493740710747 84:b8:02:c9:6f:41 -3.7074158451131254 1.6842744536957 -65
1493740710747 58:bc:27:92:80:7f -3.7074158451131254 1.6842744536957 -65
1493740710747 20:bb:c0:1d:18:6f -3.7074158451131254 1.6842744536957 -77
1493740710747 c4:b3:01:de:10:c4 -3.7074158451131254 1.6842744536957 -83
1493740710747 84:b8:02:c9:6f:42 -3.7074158451131254 1.6842744536957 -66
1493740710747 b0:aa:77:34:54:32 -3.7074158451131254 1.6842744536957 -57
1493740710747 b0:aa:77:45:10:a2 -3.7074158451131254 1.6842744536957 -67
1493740710747 b0:aa:77:34:54:3d -3.7074158451131254 1.6842744536957 -61
1493740710747 14:91:82:70:fb:af -3.7074158451131254 1.6842744536957 -72
1493740710747 b8:8d:12:63:59:dc -3.7074158451131254 1.6842744536957 -88
1493740710747 b0:aa:77:34:54:30 -3.7074158451131254 1.6842744536957 -57
1493740710747 20:bb:c0:1d:18:60 -3.7074158451131254 1.6842744536957 -67
1493740710747 84:b8:02:c9:6f:4f -3.7074158451131254 1.6842744536957 -75
1493740710747 84:b8:02:c9:6f:4d -3.7074158451131254 1.6842744536957 -82
1493740710747 84:b8:02:c9:6f:4e -3.7074158451131254 1.6842744536957 -83
1493740710747 c6:8f:52:de:01:b0 -3.7074158451131254 1.6842744536957 -79
1493740710747 c4:b3:01:de:52:8f -3.7074158451131254 1.6842744536957 -80
1493740710747 b0:aa:77:45:10:ae -3.7074158451131254 1.6842744536957 -71
1493740710747 b0:aa:77:45:10:af -3.7074158451131254 1.6842744536957 -69
1493740710747 b0:aa:77:34:54:3f -3.7074158451131254 1.6842744536957 -62
1493740710747 b4:75:0e:4c:56:0a -3.7074158451131254 1.6842744536957 -80
1493740710747 b0:aa:77:45:10:ad -3.7074158451131254 1.6842744536957 -70
1493740710747 b0:aa:77:45:43:ee -3.7074158451131254 1.6842744536957 -85
1493740710747 b0:aa:77:34:54:3e -3.7074158451131254 1.6842744536957 -62
1493740710747 1c:e6:c7:4a:d3:6f -3.7074158451131254 1.6842744536957 -75
1493740710747 84:b8:02:c9:6d:50 -3.7074158451131254 1.6842744536957 -76
1493740710747 b0:aa:77:45:10:a0 -3.7074158451131254 1.6842744536957 -67
1493740710747 1c:e6:c7:4b:b7:5f -3.7074158451131254 1.6842744536957 -88
1493740710747 c6:8e:52:de:01:b0 -3.7074158451131254 1.6842744536957 -78
1493740710747 14:91:82:70:fb:b0 -3.7074158451131254 1.6842744536957 -83
1493740710747 c4:b3:01:de:10:c5 -3.7074158451131254 1.6842744536957 -89
1493740710747 00:25:84:23:1d:bd -3.7074158451131254 1.6842744536957 -74
1493740710747 00:25:84:23:1d:be -3.7074158451131254 1.6842744536957 -74
1493740710747 c4:b3:01:de:52:8e -3.7074158451131254 1.6842744536957 -77
1493740710747 00:25:84:23:1d:bc -3.7074158451131254 1.6842744536957 -74
1493740710747 00:25:84:23:1d:bf -3.7074158451131254 1.6842744536957 -74
1493740710747 34:bd:c8:db:c4:11 -3.7074158451131254 1.6842744536957 -80
1493740710747 34:bd:c8:db:c4:15 -3.7074158451131254 1.6842744536957 -81
1493740710747 34:bd:c8:db:c4:13 -3.7074158451131254 1.6842744536957 -81
1493740710747 b6:75:0e:4c:56:0c -3.7074158451131254 1.6842744536957 -78
1493740710747 b0:aa:77:62:41:2e -3.7074158451131254 1.6842744536957 -88
1493740710747 00:15:e9:66:31:7c -3.7074158451131254 1.6842744536957 -88
1493740710747 b0:aa:77:62:41:2d -3.7074158451131254 1.6842744536957 -89
1493740720795 84:b8:02:c9:6d:52 -3.7074158451131254 1.6842744536957 -79
1493740720795 84:b8:02:c9:6d:5e -3.7074158451131254 1.6842744536957 -89
1493740720795 5c:a4:8a:bf:bb:0f -3.7074158451131254 1.6842744536957 -81
1493740720795 84:b8:02:c9:6d:5d -3.7074158451131254 1.6842744536957 -89
1493740720795 b0:aa:77:45:43:ed -3.7074158451131254 1.6842744536957 -85
1493740720795 74:ea:3a:bd:1e:88 -3.7074158451131254 1.6842744536957 -86
1493740720795 84:b8:02:c9:6f:41 -3.7074158451131254 1.6842744536957 -65
1493740720795 58:bc:27:92:80:7f -3.7074158451131254 1.6842744536957 -57
1493740720795 20:bb:c0:1d:18:6f -3.7074158451131254 1.6842744536957 -77
1493740720795 c4:b3:01:de:10:c4 -3.7074158451131254 1.6842744536957 -81
1493740720795 84:b8:02:c9:6f:42 -3.7074158451131254 1.6842744536957 -66
1493740720795 b0:aa:77:34:54:32 -3.7074158451131254 1.6842744536957 -49
1493740720795 b0:aa:77:45:10:a2 -3.7074158451131254 1.6842744536957 -70
1493740720795 b0:aa:77:34:54:3d -3.7074158451131254 1.6842744536957 -56
1493740720795 14:91:82:70:fb:af -3.7074158451131254 1.6842744536957 -72
1493740720795 b8:8d:12:63:59:dc -3.7074158451131254 1.6842744536957 -85
1493740720795 b0:aa:77:34:54:30 -3.7074158451131254 1.6842744536957 -49
1493740720795 20:bb:c0:1d:18:60 -3.7074158451131254 1.6842744536957 -67
1493740720795 84:b8:02:c9:6f:4f -3.7074158451131254 1.6842744536957 -75
1493740720795 84:b8:02:c9:6f:4d -3.7074158451131254 1.6842744536957 -82
1493740720795 84:b8:02:c9:6f:4e -3.7074158451131254 1.6842744536957 -83
1493740720795 c6:8f:52:de:01:b0 -3.7074158451131254 1.6842744536957 -76
1493740720795 c4:b3:01:de:52:8f -3.7074158451131254 1.6842744536957 -76
1493740720795 b0:aa:77:45:10:ae -3.7074158451131254 1.6842744536957 -71
1493740720795 b0:aa:77:45:10:af -3.7074158451131254 1.6842744536957 -71
1493740720795 b0:aa:77:34:54:3f -3.7074158451131254 1.6842744536957 -56
1493740720795 b4:75:0e:4c:56:0a -3.7074158451131254 1.6842744536957 -85
1493740720795 b0:aa:77:45:10:ad -3.7074158451131254 1.6842744536957 -70
1493740720795 b0:aa:77:45:43:ee -3.7074158451131254 1.6842744536957 -85
1493740720795 b0:aa:77:34:54:3e -3.7074158451131254 1.6842744536957 -56
1493740720795 1c:e6:c7:4a:d3:6f -3.7074158451131254 1.6842744536957 -75
1493740720795 84:b8:02:c9:6d:50 -3.7074158451131254 1.6842744536957 -76
1493740720795 b0:aa:77:45:10:a0 -3.7074158451131254 1.6842744536957 -69
1493740720795 1c:e6:c7:4b:b7:5f -3.7074158451131254 1.6842744536957 -88
1493740720795 c6:8e:52:de:01:b0 -3.7074158451131254 1.6842744536957 -72
1493740720795 14:91:82:70:fb:b0 -3.7074158451131254 1.6842744536957 -83
1493740720795 c4:b3:01:de:10:c5 -3.7074158451131254 1.6842744536957 -85
1493740720795 00:25:84:23:1d:bd -3.7074158451131254 1.6842744536957 -83
1493740720795 00:25:84:23:1d:be -3.7074158451131254 1.6842744536957 -83
1493740720795 c4:b3:01:de:52:8e -3.7074158451131254 1.6842744536957 -72
1493740720795 00:25:84:23:1d:bc -3.7074158451131254 1.6842744536957 -82
1493740720795 00:25:84:23:1d:bf -3.7074158451131254 1.6842744536957 -82
1493740720795 34:bd:c8:db:c4:11 -3.7074158451131254 1.6842744536957 -78
1493740720795 34:bd:c8:db:c4:15 -3.7074158451131254 1.6842744536957 -77
1493740720795 34:bd:c8:db:c4:13 -3.7074158451131254 1.6842744536957 -77
1493740720795 b6:75:0e:4c:56:0c -3.7074158451131254 1.6842744536957 -78
1493740720795 b0:aa:77:62:41:2e -3.7074158451131254 1.6842744536957 -82
1493740720795 00:15:e9:66:31:7c -3.7074158451131254 1.6842744536957 -88
1493740720795 b0:aa:77:62:41:2d -3.7074158451131254 1.6842744536957 -83
1493740720795 b4:75:0e:4c:56:0b -3.7074158451131254 1.6842744536957 -89
1493740720795 c4:6e:1f:b4:a4:66 -3.7074158451131254 1.6842744536957 -82
1493740720795 00:23:eb:3a:12:20 -3.7074158451131254 1.6842744536957 -80
1493740720795 1c:e6:c7:4b:c5:8f -3.7074158451131254 1.6842744536957 -89
1493740736882 84:b8:02:c9:6d:52 -3.7074158451131254 1.6842744536957 -79
1493740736882 5c:a4:8a:bf:bb:0f -3.7074158451131254 1.6842744536957 -77
1493740736882 74:ea:3a:bd:1e:88 -3.7074158451131254 1.6842744536957 -86
1493740736882 84:b8:02:c9:6f:41 -3.7074158451131254 1.6842744536957 -71
1493740736882 58:bc:27:92:80:7f -3.7074158451131254 1.6842744536957 -60
1493740736882 20:bb:c0:1d:18:6f -3.7074158451131254 1.6842744536957 -70
1493740736882 c4:b3:01:de:10:c4 -3.7074158451131254 1.6842744536957 -75
1493740736882 84:b8:02:c9:6f:42 -3.7074158451131254 1.6842744536957 -70
1493740736882 b0:aa:77:34:54:32 -3.7074158451131254 1.6842744536957 -51
1493740736882 b0:aa:77:45:10:a2 -3.7074158451131254 1.6842744536957 -74
1493740736882 b0:aa:77:34:54:3d -3.7074158451131254 1.6842744536957 -63
1493740736882 14:91:82:70:fb:af -3.7074158451131254 1.6842744536957 -72
1493740736882 b8:8d:12:63:59:dc -3.7074158451131254 1.6842744536957 -85
1493740736882 b0:aa:77:34:54:30 -3.7074158451131254 1.6842744536957 -49
1493740736882 20:bb:c0:1d:18:60 -3.7074158451131254 1.6842744536957 -59
1493740736882 84:b8:02:c9:6f:4d -3.7074158451131254 1.6842744536957 -82
1493740736882 84:b8:02:c9:6f:4e -3.7074158451131254 1.6842744536957 -83
1493740736882 c6:8f:52:de:01:b0 -3.7074158451131254 1.6842744536957 -72
1493740736882 c4:b3:01:de:52:8f -3.7074158451131254 1.6842744536957 -72
1493740736882 b0:aa:77:45:10:ae -3.7074158451131254 1.6842744536957 -71
1493740736882 b0:aa:77:45:10:af -3.7074158451131254 1.6842744536957 -71
1493740736882 b0:aa:77:34:54:3f -3.7074158451131254 1.6842744536957 -62
1493740736882 b4:75:0e:4c:56:0a -3.7074158451131254 1.6842744536957 -70
1493740736882 b0:aa:77:45:10:ad -3.7074158451131254 1.6842744536957 -70
1493740736882 b0:aa:77:34:54:3e -3.7074158451131254 1.6842744536957 -63
1493740736882 1c:e6:c7:4a:d3:6f -3.7074158451131254 1.6842744536957 -71
1493740736882 84:b8:02:c9:6d:50 -3.7074158451131254 1.6842744536957 -76
1493740736882 b0:aa:77:45:10:a0 -3.7074158451131254 1.6842744536957 -73
1493740736882 1c:e6:c7:4b:b7:5f -3.7074158451131254 1.6842744536957 -88
1493740736882 c6:8e:52:de:01:b0 -3.7074158451131254 1.6842744536957 -66
1493740736882 14:91:82:70:fb:b0 -3.7074158451131254 1.6842744536957 -82
1493740736882 c4:b3:01:de:10:c5 -3.7074158451131254 1.6842744536957 -83
1493740736882 00:25:84:23:1d:bd -3.7074158451131254 1.6842744536957 -84
1493740736882 00:25:84:23:1d:be -3.7074158451131254 1.6842744536957 -83
1493740736882 c4:b3:01:de:52:8e -3.7074158451131254 1.6842744536957 -72
1493740736882 00:25:84:23:1d:bc -3.7074158451131254 1.6842744536957 -85
1493740736882 00:25:84:23:1d:bf -3.7074158451131254 1.6842744536957 -82
1493740736882 34:bd:c8:db:c4:11 -3.7074158451131254 1.6842744536957 -78
1493740736882 34:bd:c8:db:c4:15 -3.7074158451131254 1.6842744536957 -77
1493740736882 34:bd:c8:db:c4:13 -3.7074158451131254 1.6842744536957 -80
1493740736882 b6:75:0e:4c:56:0c -3.7074158451131254 1.6842744536957 -78
1493740736882 b0:aa:77:62:41:2e -3.7074158451131254 1.6842744536957 -89
1493740736882 00:15:e9:66:31:7c -3.7074158451131254 1.6842744536957 -83
1493740736882 b0:aa:77:62:41:2d -3.7074158451131254 1.6842744536957 -87
1493740736882 b4:75:0e:4c:56:0b -3.7074158451131254 1.6842744536957 -81
1493740736882 c4:6e:1f:b4:a4:66 -3.7074158451131254 1.6842744536957 -82
1493740736882 00:23:eb:3a:12:20 -3.7074158451131254 1.6842744536957 -80
1493740736882 1c:e6:c7:4b:c5:8f -3.7074158451131254 1.6842744536957 -89
1493740736882 00:23:eb:3a:10:50 -3.7074158451131254 1.6842744536957 -64
1493740736882 0c:51:01:e7:9e:4d -3.7074158451131254 1.6842744536957 -90
1493740736882 00:25:84:23:1d:90 -3.7074158451131254 1.6842744536957 -81
1493740736882 b8:8d:12:63:59:db -3.7074158451131254 1.6842744536957 -84
1493740748396 84:b8:02:c9:6d:52 -3.7074130927637725 1.6842739985141915 -79
1493740748396 5c:a4:8a:bf:bb:0f -3.7074130927637725 1.6842739985141915 -79
1493740748396 84:b8:02:c9:6f:41 -3.7074130927637725 1.6842739985141915 -73
1493740748396 58:bc:27:92:80:7f -3.7074130927637725 1.6842739985141915 -58
1493740748396 20:bb:c0:1d:18:6f -3.7074130927637725 1.6842739985141915 -69
1493740748396 c4:b3:01:de:10:c4 -3.7074130927637725 1.6842739985141915 -71
1493740748396 84:b8:02:c9:6f:42 -3.7074130927637725 1.6842739985141915 -72
1493740748396 b0:aa:77:34:54:32 -3.7074130927637725 1.6842739985141915 -55
1493740748396 b0:aa:77:45:10:a2 -3.7074130927637725 1.6842739985141915 -74
1493740748396 b0:aa:77:34:54:3d -3.7074130927637725 1.6842739985141915 -67
1493740748396 14:91:82:70:fb:af -3.7074130927637725 1.6842739985141915 -72
1493740748396 b8:8d:12:63:59:dc -3.7074130927637725 1.6842739985141915 -85
1493740748396 b0:aa:77:34:54:30 -3.7074130927637725 1.6842739985141915 -55
1493740748396 20:bb:c0:1d:18:60 -3.7074130927637725 1.6842739985141915 -59
1493740748396 c6:8f:52:de:01:b0 -3.7074130927637725 1.6842739985141915 -66
1493740748396 c4:b3:01:de:52:8f -3.7074130927637725 1.6842739985141915 -67
1493740748396 b0:aa:77:45:10:ae -3.7074130927637725 1.6842739985141915 -71
1493740748396 b0:aa:77:45:10:af -3.7074130927637725 1.6842739985141915 -71
1493740748396 b0:aa:77:34:54:3f -3.7074130927637725 1.6842739985141915 -62
1493740748396 b4:75:0e:4c:56:0a -3.7074130927637725 1.6842739985141915 -74
1493740748396 b0:aa:77:45:10:ad -3.7074130927637725 1.6842739985141915 -70
1493740748396 b0:aa:77:34:54:3e -3.7074130927637725 1.6842739985141915 -67
1493740748396 1c:e6:c7:4a:d3:6f -3.7074130927637725 1.6842739985141915 -71
1493740748396 84:b8:02:c9:6d:50 -3.7074130927637725 1.6842739985141915 -76
1493740748396 b0:aa:77:45:10:a0 -3.7074130927637725 1.6842739985141915 -79
1493740748396 c6:8e:52:de:01:b0 -3.7074130927637725 1.6842739985141915 -62
1493740748396 14:91:82:70:fb:b0 -3.7074130927637725 1.6842739985141915 -76
1493740748396 c4:b3:01:de:10:c5 -3.7074130927637725 1.6842739985141915 -79
1493740748396 00:25:84:23:1d:bd -3.7074130927637725 1.6842739985141915 -87
1493740748396 00:25:84:23:1d:be -3.7074130927637725 1.6842739985141915 -87
1493740748396 c4:b3:01:de:52:8e -3.7074130927637725 1.6842739985141915 -64
1493740748396 00:25:84:23:1d:bc -3.7074130927637725 1.6842739985141915 -89
1493740748396 00:25:84:23:1d:bf -3.7074130927637725 1.6842739985141915 -82
1493740748396 34:bd:c8:db:c4:11 -3.7074130927637725 1.6842739985141915 -77
1493740748396 34:bd:c8:db:c4:15 -3.7074130927637725 1.6842739985141915 -77
1493740748396 34:bd:c8:db:c4:13 -3.7074130927637725 1.6842739985141915 -80
1493740748396 b6:75:0e:4c:56:0c -3.7074130927637725 1.6842739985141915 -77
1493740748396 b0:aa:77:62:41:2e -3.7074130927637725 1.6842739985141915 -88
1493740748396 00:15:e9:66:31:7c -3.7074130927637725 1.6842739985141915 -80
1493740748396 b0:aa:77:62:41:2d -3.7074130927637725 1.6842739985141915 -88
1493740748396 b4:75:0e:4c:56:0b -3.7074130927637725 1.6842739985141915 -78
1493740748396 c4:6e:1f:b4:a4:66 -3.7074130927637725 1.6842739985141915 -75
1493740748396 00:23:eb:3a:12:20 -3.7074130927637725 1.6842739985141915 -80
1493740748396 1c:e6:c7:4b:c5:8f -3.7074130927637725 1.6842739985141915 -88
1493740748396 00:23:eb:3a:10:50 -3.7074130927637725 1.6842739985141915 -64
1493740748396 0c:51:01:e7:9e:4d -3.7074130927637725 1.6842739985141915 -87
1493740748396 00:25:84:23:1d:90 -3.7074130927637725 1.6842739985141915 -81
1493740748396 b8:8d:12:63:59:db -3.7074130927637725 1.6842739985141915 -84
1493740748396 00:23:eb:3a:10:90 -3.7074130927637725 1.6842739985141915 -79
1493740765790 84:b8:02:c9:6d:52 -3.707410340407698 1.68427354337331 -79
1493740765790 5c:a4:8a:bf:bb:0f -3.707410340407698 1.68427354337331 -81
1493740765790 84:b8:02:c9:6f:41 -3.707410340407698 1.68427354337331 -73
1493740765790 58:bc:27:92:80:7f -3.707410340407698 1.68427354337331 -59
1493740765790 20:bb:c0:1d:18:6f -3.707410340407698 1.68427354337331 -62
1493740765790 c4:b3:01:de:10:c4 -3.707410340407698 1.68427354337331 -67
1493740765790 84:b8:02:c9:6f:42 -3.707410340407698 1.68427354337331 -72
1493740765790 b0:aa:77:34:54:32 -3.707410340407698 1.68427354337331 -60
1493740765790 b0:aa:77:45:10:a2 -3.707410340407698 1.68427354337331 -74
1493740765790 b0:aa:77:34:54:3d -3.707410340407698 1.68427354337331 -71
1493740765790 14:91:82:70:fb:af -3.707410340407698 1.68427354337331 -69
1493740765790 b8:8d:12:63:59:dc -3.707410340407698 1.68427354337331 -80
1493740765790 b0:aa:77:34:54:30 -3.707410340407698 1.68427354337331 -55
1493740765790 20:bb:c0:1d:18:60 -3.707410340407698 1.68427354337331 -59
1493740765790 c6:8f:52:de:01:b0 -3.707410340407698 1.68427354337331 -62
1493740765790 c4:b3:01:de:52:8f -3.707410340407698 1.68427354337331 -63
1493740765790 b0:aa:77:45:10:ae -3.707410340407698 1.68427354337331 -71
1493740765790 b0:aa:77:45:10:af -3.707410340407698 1.68427354337331 -71
1493740765790 b0:aa:77:34:54:3f -3.707410340407698 1.68427354337331 -70
1493740765790 b4:75:0e:4c:56:0a -3.707410340407698 1.68427354337331 -79
1493740765790 b0:aa:77:45:10:ad -3.707410340407698 1.68427354337331 -70
1493740765790 b0:aa:77:34:54:3e -3.707410340407698 1.68427354337331 -67
1493740765790 1c:e6:c7:4a:d3:6f -3.707410340407698 1.68427354337331 -62
1493740765790 b0:aa:77:45:10:a0 -3.707410340407698 1.68427354337331 -79
1493740765790 c6:8e:52:de:01:b0 -3.707410340407698 1.68427354337331 -63
1493740765790 14:91:82:70:fb:b0 -3.707410340407698 1.68427354337331 -72
1493740765790 c4:b3:01:de:10:c5 -3.707410340407698 1.68427354337331 -75
1493740765790 00:25:84:23:1d:bd -3.707410340407698 1.68427354337331 -87
1493740765790 00:25:84:23:1d:be -3.707410340407698 1.68427354337331 -87
1493740765790 c4:b3:01:de:52:8e -3.707410340407698 1.68427354337331 -64
1493740765790 00:25:84:23:1d:bc -3.707410340407698 1.68427354337331 -89
1493740765790 00:25:84:23:1d:bf -3.707410340407698 1.68427354337331 -82
1493740765790 34:bd:c8:db:c4:11 -3.707410340407698 1.68427354337331 -78
1493740765790 34:bd:c8:db:c4:15 -3.707410340407698 1.68427354337331 -77
1493740765790 34:bd:c8:db:c4:13 -3.707410340407698 1.68427354337331 -80
1493740765790 b6:75:0e:4c:56:0c -3.707410340407698 1.68427354337331 -77
1493740765790 b0:aa:77:62:41:2e -3.707410340407698 1.68427354337331 -82
1493740765790 00:15:e9:66:31:7c -3.707410340407698 1.68427354337331 -80
1493740765790 b0:aa:77:62:41:2d -3.707410340407698 1.68427354337331 -81
1493740765790 b4:75:0e:4c:56:0b -3.707410340407698 1.68427354337331 -82
1493740765790 c4:6e:1f:b4:a4:66 -3.707410340407698 1.68427354337331 -71
1493740765790 00:23:eb:3a:12:20 -3.707410340407698 1.68427354337331 -80
1493740765790 1c:e6:c7:4b:c5:8f -3.707410340407698 1.68427354337331 -88
1493740765790 00:23:eb:3a:10:50 -3.707410340407698 1.68427354337331 -64
1493740765790 0c:51:01:e7:9e:4d -3.707410340407698 1.68427354337331 -85
1493740765790 00:25:84:23:1d:90 -3.707410340407698 1.68427354337331 -72
1493740765790 b8:8d:12:63:59:db -3.707410340407698 1.68427354337331 -84
1493740765790 00:23:eb:3a:10:90 -3.707410340407698 1.68427354337331 -79
1493740765790 1c:e6:c7:4b:b7:5f -3.707410340407698 1.68427354337331 -69
1493740765790 0c:51:01:e7:9e:4c -3.707410340407698 1.68427354337331 -71
1493740765790 b0:aa:77:62:41:2f -3.707410340407698 1.68427354337331 -81
1493740765790 1c:e6:c7:4c:66:7f -3.707410340407698 1.68427354337331 -82
1493740765790 20:bb:c0:83:e3:91 -3.707410340407698 1.68427354337331 -81
1493740765790 20:bb:c0:83:e3:92 -3.707410340407698 1.68427354337331 -81
1493740765790 00:23:eb:3a:12:2f -3.707410340407698 1.68427354337331 -87
1493740765790 20:bb:c0:83:e3:93 -3.707410340407698 1.68427354337331 -79
1493740765790 20:bb:c0:83:e3:95 -3.707410340407698 1.68427354337331 -80
